3.000000000000000000e+00 1.607833310786471959e+00
5.000000000000000000e+00 1.557117095245569294e+00
7.000000000000000000e+00 1.523217498076622212e+00
1.000000000000000000e+01 1.488346944538782912e+00
1.200000000000000000e+01 1.470814773147150145e+00
1.500000000000000000e+01 1.455681975332085765e+00
2.000000000000000000e+01 1.416231281185423629e+00
2.500000000000000000e+01 1.428101383113134171e+00
3.000000000000000000e+01 1.616908621463968299e+00
4.000000000000000000e+01 1.620218561269577862e+00
6.000000000000000000e+01 1.604185390423350954e+00
7.500000000000000000e+01 1.616264247616521432e+00
1.000000000000000000e+02 1.613391387678994482e+00
1.250000000000000000e+02 1.658682087626644597e+00
1.500000000000000000e+02 1.659443047911663083e+00
1.750000000000000000e+02 1.652710646484397250e+00
2.000000000000000000e+02 1.622710164195646065e+00
