1.360541105270385742e+00 1.370767080750624034e+00
2.678807020187377930e+00 1.846367898046854634e+02
4.001753091812133789e+00 1.532013386379953346e+01
5.341699123382568359e+00 4.943976596798372869e-01
6.676862001419067383e+00 6.980051212525963111e-02
7.997837066650390625e+00 2.171433243874615684e-02
9.325190067291259766e+00 9.545055787800071911e-03
1.065657401084899902e+01 5.011016143322206615e-03
1.200233817100524902e+01 2.921195967941706082e-03
1.332844901084899902e+01 1.823824628121470566e-03
1.465382719039916992e+01 1.194924243666023326e-03
1.597198700904846191e+01 8.112552185399535872e-04
1.727915811538696289e+01 5.660320262448872899e-04
1.859101796150207520e+01 4.035822004698587438e-04
1.992489695549011230e+01 2.928755764465315711e-04
2.123099613189697266e+01 2.156758280211817556e-04
2.254756712913513184e+01 1.608019918398173023e-04
2.385547995567321777e+01 1.211608275618536245e-04
2.516218113899230957e+01 9.212426534718514326e-05
2.647677111625671387e+01 7.060003001241037138e-05
2.780136513710021973e+01 5.447880083757107177e-05
2.913723707199096680e+01 4.229518601860809707e-05
3.046651911735534668e+01 3.301448940020383350e-05
3.178228211402893066e+01 2.589557676385514283e-05
3.309556508064270020e+01 2.040085506515748772e-05
3.440573310852050781e+01 1.613603317326351292e-05
3.571801209449768066e+01 1.280908808154938066e-05
3.705153012275695801e+01 1.020185845097573319e-05
3.837170505523681641e+01 8.150094349106657381e-06
