1.477698087692260742e+00 1.335751754680492231e+00
2.859065055847167969e+00 2.313815361625754861e+02
4.426867008209228516e+00 4.409234495539112686e+01
5.892174959182739258e+00 1.179996895302017901e+00
7.390043020248413086e+00 1.115754737407174402e-01
8.725365877151489258e+00 2.933499386571347331e-02
1.007238292694091797e+01 1.191711867540238071e-02
1.140372490882873535e+01 5.988905888792465937e-03
1.276578307151794434e+01 3.396728130958695611e-03
1.437882900238037109e+01 2.081041586549161725e-03
1.581054806709289551e+01 1.344863666499621947e-03
1.730981802940368652e+01 9.037425851902565173e-04
1.880505895614624023e+01 6.256794317427106719e-04
2.028233003616333008e+01 4.434506968209470448e-04
2.178461098670959473e+01 3.203052073329430271e-04
2.319590806961059570e+01 2.349957196594289687e-04
2.474066185951232910e+01 1.746740556969977832e-04
2.626973390579223633e+01 1.312815018379043946e-04
2.756113886833190918e+01 9.960800510570997550e-05
2.884351801872253418e+01 7.619784072116820867e-05
3.033616399765014648e+01 5.870770805660622480e-05
3.174618387222290039e+01 4.551767017546691117e-05
3.305508494377136230e+01 3.548871756201982941e-05
3.434747791290283203e+01 2.780798643304972147e-05
3.562553787231445312e+01 2.188774881635004795e-05
3.690818595886230469e+01 1.729815767619779154e-05
3.819613099098205566e+01 1.372163991526202128e-05
3.947259092330932617e+01 1.092145461634272062e-05
4.073769307136535645e+01 8.719695328076848461e-06
