1.332296133041381836e+00 1.500627572350559547e+00
2.632013082504272461e+00 2.180964320116527517e+02
3.951944112777709961e+00 2.688371968775302179e+01
5.253340005874633789e+00 7.565082290832279011e-01
6.522922039031982422e+00 8.800522073997046890e-02
7.873476028442382812e+00 2.524470394500827677e-02
9.185770034790039062e+00 1.067253586231963099e-02
1.047352409362792969e+01 5.479734763357933282e-03
1.173270606994628906e+01 3.148854246833366656e-03
1.299146413803100586e+01 1.946282294276277742e-03
1.426434111595153809e+01 1.265858579228849043e-03
1.561025214195251465e+01 8.548022356935780367e-04
1.688984107971191406e+01 5.940620507850388450e-04
1.818069601058959961e+01 4.223373112321274236e-04
1.945341014862060547e+01 3.058243689439422422e-04
2.077214717864990234e+01 2.248428784042533061e-04
2.207671403884887695e+01 1.674233235239175484e-04
2.352272200584411621e+01 1.260218887290892142e-04
2.494183111190795898e+01 9.574150253449507280e-05
2.633073711395263672e+01 7.332263884325704946e-05
2.769953203201293945e+01 5.654828387214550444e-05
2.906439614295959473e+01 4.388169526396805002e-05
3.046483302116394043e+01 3.423981422224471681e-05
3.192209005355834961e+01 2.684810793673939164e-05
3.322439503669738770e+01 2.114554576969052385e-05
3.450397801399230957e+01 1.672115026248189852e-05
3.577909016609191895e+01 1.327085988714271334e-05
3.706373000144958496e+01 1.056772090654572795e-05
3.835896015167236328e+01 8.440989395699971846e-06
