1.424776077270507812e+00 1.235995906581289994e+00
2.701168060302734375e+00 2.383119498150996378e+02
3.960229158401489258e+00 6.286712762780207697e+01
5.212777137756347656e+00 1.728082309133621042e+00
6.493554115295410156e+00 1.367791811100519672e-01
7.794510126113891602e+00 3.329680302776023837e-02
9.345983982086181641e+00 1.306888795476525422e-02
1.097062206268310547e+01 6.449403527175926430e-03
1.238429594039916992e+01 3.617917470178530666e-03
1.365599417686462402e+01 2.200414844648781402e-03
1.514526200294494629e+01 1.414660863695059792e-03
1.647365498542785645e+01 9.470130908351772920e-04
1.789901995658874512e+01 6.537278676777254563e-04
1.947537994384765625e+01 4.622774777972285727e-04
2.103401613235473633e+01 3.332990255034524942e-04
2.246568512916564941e+01 2.441688958020805825e-04
2.389347195625305176e+01 1.812720009498583918e-04
2.519947409629821777e+01 1.361018792830389745e-04
2.651322603225708008e+01 1.031765828848942441e-04
2.786261105537414551e+01 7.886971025248789278e-05
2.924381613731384277e+01 6.072775649956271675e-05
3.060362911224365234e+01 4.705787349235778384e-05
3.193496513366699219e+01 3.667177421113646619e-05
3.324834609031677246e+01 2.872265678882542412e-05
3.451714611053466797e+01 2.259902580847178251e-05
3.587298703193664551e+01 1.785414123621579938e-05
3.724367594718933105e+01 1.415826473407782349e-05
3.858242011070251465e+01 1.126579249543752743e-05
3.998657512664794922e+01 8.992294203332053547e-06
