1.352223873138427734e+00 1.234066657720459537e+00
2.662277936935424805e+00 2.011908498183906318e+02
3.988708972930908203e+00 2.541489493337681793e+01
5.323737859725952148e+00 7.225303216817936525e-01
6.649355888366699219e+00 8.577540218595049171e-02
7.980612993240356445e+00 2.483044273380231870e-02
9.304160833358764648e+00 1.055131639602215586e-02
1.062429594993591309e+01 5.435914799410014771e-03
1.194513201713562012e+01 3.131598226521953732e-03
1.341561698913574219e+01 1.939389050998242001e-03
1.492216587066650391e+01 1.263184531730125086e-03
1.629031586647033691e+01 8.538165864856630660e-04
1.764405083656311035e+01 5.937027929239999937e-04
1.895848894119262695e+01 4.221766837977697275e-04
2.031549978256225586e+01 3.057078200115355133e-04
2.169021487236022949e+01 2.247264392448262104e-04
2.299448084831237793e+01 1.673020400353454054e-04
2.429888391494750977e+01 1.259009007346427943e-04
2.560782289505004883e+01 9.562618106942572470e-05
2.692858386039733887e+01 7.321632766881825142e-05
2.824259901046752930e+01 5.645249398309260463e-05
2.958264183998107910e+01 4.379675554388779460e-05
3.092139887809753418e+01 3.416538993957170310e-05
3.224826383590698242e+01 2.678351743144494779e-05
3.355575180053710938e+01 2.108993764930298281e-05
3.486852598190307617e+01 1.667360394323640893e-05
3.618771100044250488e+01 1.323044685377431518e-05
3.748517298698425293e+01 1.053354440721088481e-05
3.876453590393066406e+01 8.412210188273590595e-06
