1.552262783050537109e+00 1.348844102186177674e+00
3.058532953262329102e+00 1.609071349398479356e+02
4.539887905120849609e+00 1.006282582026270056e+01
6.024113893508911133e+00 3.734389555664124893e-01
7.504623889923095703e+00 5.979918173725834452e-02
8.992170810699462891e+00 1.961962821674917076e-02
1.047971296310424805e+01 8.853367438286333449e-03
1.201357078552246094e+01 4.717998290841608766e-03
1.350738382339477539e+01 2.777256454611565489e-03
1.499281883239746094e+01 1.745875267803959161e-03
1.655607485771179199e+01 1.149606269076695235e-03
1.802663397789001465e+01 7.834140002759155388e-04
1.957214093208312988e+01 5.481520412783481367e-04
2.108941078186035156e+01 3.916787767412705456e-04
2.258461499214172363e+01 2.847166190433612389e-04
2.407053184509277344e+01 2.099498886501022807e-04
2.556965088844299316e+01 1.567054735040336827e-04
2.708956480026245117e+01 1.181830236880702397e-04
2.857369089126586914e+01 8.993043334024977968e-05
3.006208801269531250e+01 6.896507215293460214e-05
3.162308287620544434e+01 5.324810777457320390e-05
3.312577080726623535e+01 4.136065361542452383e-05
3.462774896621704102e+01 3.229935903933495541e-05
3.611665487289428711e+01 2.534460171842813203e-05
3.758646488189697266e+01 1.997378561731774144e-05
3.906837582588195801e+01 1.580322321096454084e-05
4.060154891014099121e+01 1.254848580528280087e-05
4.205974984169006348e+01 9.996915552980252209e-06
