1.289545059204101562e+00 1.218342611862714309e+00
2.660174846649169922e+00 2.420150812365051820e+02
4.077687978744506836e+00 7.301813217855129778e+01
5.494560956954956055e+00 2.075140994054156085e+00
6.931846857070922852e+00 1.508841687356548555e-01
8.335941076278686523e+00 3.534625180529619298e-02
9.702863931655883789e+00 1.363347382932484329e-02
1.099432706832885742e+01 6.664472718379699755e-03
1.229733395576477051e+01 3.716749938041320495e-03
1.379698705673217773e+01 2.251625378375149943e-03
1.515950202941894531e+01 1.443560659500727882e-03
1.653117704391479492e+01 9.643977273757426208e-04
1.790385794639587402e+01 6.647173743755526928e-04
1.927462005615234375e+01 4.695034568056108827e-04
2.064997506141662598e+01 3.382030372664592607e-04
2.205768799781799316e+01 2.475833045705411010e-04
2.339327192306518555e+01 1.836994166941766180e-04
2.481395292282104492e+01 1.378576396627094567e-04
2.616389489173889160e+01 1.044650574246654021e-04
2.757164907455444336e+01 7.982700537842680945e-05
2.893197107315063477e+01 6.144660676990241024e-05
3.028220701217651367e+01 4.760269339350286908e-05
3.164014291763305664e+01 3.708805668132628022e-05
3.297636198997497559e+01 2.904300301011076239e-05
3.434031105041503906e+01 2.284710258016649852e-05
3.559562897682189941e+01 1.804732899850766193e-05
3.686016607284545898e+01 1.430945980026637983e-05
3.826010107994079590e+01 1.138465267307818218e-05
3.972866892814636230e+01 9.086111906019695968e-06
