1.392215967178344727e+00 1.444898840407704332e+00
2.743061780929565430e+00 1.721930455511376863e+02
4.105074882507324219e+00 1.157699808356411175e+01
5.446690797805786133e+00 4.089639833088556387e-01
6.785065889358520508e+00 6.290235449768941112e-02
8.136784791946411133e+00 2.028071627010727060e-02
9.493973970413208008e+00 9.070683156684722012e-03
1.082984280586242676e+01 4.807355910671471527e-03
1.216744995117187500e+01 2.818852249438114858e-03
1.357998085021972656e+01 1.766795179698177386e-03
1.495049500465393066e+01 1.160784716632393609e-03
1.630265998840332031e+01 7.897519905738608877e-04
1.765426778793334961e+01 5.519766819726412569e-04
1.900336980819702148e+01 3.941333848400155023e-04
2.037512087821960449e+01 2.863796374882571867e-04
2.183212685585021973e+01 2.111254622893663424e-04
2.329560685157775879e+01 1.575624754225370117e-04
2.471620297431945801e+01 1.188216507082307942e-04
2.612556886672973633e+01 9.041413987745244038e-05
2.823510289192199707e+01 6.933619346271141504e-05
2.960397291183471680e+01 5.353592226720824956e-05
3.107012581825256348e+01 4.158589963516788433e-05
3.252503681182861328e+01 3.247698819367189610e-05
3.386614394187927246e+01 2.548556245159959159e-05
3.533537483215332031e+01 2.008621660209361571e-05
3.675634789466857910e+01 1.589326337627252784e-05
3.811512589454650879e+01 1.262082865380131265e-05
3.946223998069763184e+01 1.005519209527065382e-05
4.081718587875366211e+01 8.035340881600411177e-06
