1.941987991333007812e+00 1.325388793169071322e+00
3.440317153930664062e+00 2.490010319087226947e+02
5.614099025726318359e+00 6.434680601674669731e+01
7.091333150863647461e+00 1.775013433959899745e+00
8.413284063339233398e+00 1.387854323669136247e-01
9.703597068786621094e+00 3.359436665581929521e-02
1.099562811851501465e+01 1.314822343821793471e-02
1.274748802185058594e+01 6.476970924612336644e-03
1.405814909934997559e+01 3.628847579306405079e-03
1.552509903907775879e+01 2.205033960721169192e-03
1.696977114677429199e+01 1.416676143525148540e-03
1.838438701629638672e+01 9.479165787858284372e-04
1.970016503334045410e+01 6.541625182744138529e-04
2.101640820503234863e+01 4.625214374441840377e-04
2.232612013816833496e+01 3.334670991124130983e-04
2.364353799819946289e+01 2.443045177276985868e-04
2.494111919403076172e+01 1.813897699971638835e-04
2.623552918434143066e+01 1.362061743351155880e-04
2.754516100883483887e+01 1.032688469627007262e-04
2.884904718399047852e+01 7.895083321782093272e-05
3.016853404045104980e+01 6.079863700366803093e-05
3.140601801872253418e+01 4.711945332526472412e-05
3.309954714775085449e+01 3.672498769406666694e-05
3.451228904724121094e+01 2.876839926013668062e-05
3.585939812660217285e+01 2.263814314374502186e-05
3.705767607688903809e+01 1.788742697981354611e-05
3.833410215377807617e+01 1.418645743653951320e-05
3.970417499542236328e+01 1.128957203374120969e-05
4.101006412506103516e+01 9.012278250189485263e-06
