1.475893020629882812e+00 1.406336007733130167e+00
2.955334186553955078e+00 1.617075801183091812e+02
4.449643135070800781e+00 9.857675516163705964e+00
5.956276178359985352e+00 3.684963100336738906e-01
7.434212207794189453e+00 5.934261623994651486e-02
8.933169126510620117e+00 1.951119064580096596e-02
1.039969420433044434e+01 8.812510990175385223e-03
1.186809706687927246e+01 4.697941034827357761e-03
1.329388499259948730e+01 2.765621615948863753e-03
1.474340605735778809e+01 1.738414254920510891e-03
1.617936801910400391e+01 1.144569180670566844e-03
1.761514902114868164e+01 7.799359251943974863e-04
1.902074003219604492e+01 5.457289281572606744e-04
2.044273519515991211e+01 3.899827972645193036e-04
2.187026309967041016e+01 2.835235823255056759e-04
2.330724120140075684e+01 2.091046523850349597e-04
2.472802710533142090e+01 1.561011891985743575e-04
2.617049908638000488e+01 1.177466473284584082e-04
2.762675499916076660e+01 8.961217304810612677e-05
2.904638600349426270e+01 6.873084805171138917e-05
3.046594619750976562e+01 5.307435895999016405e-05
3.191248512268066406e+01 4.123087410999032575e-05
3.330114507675170898e+01 3.220182702666732236e-05
3.472518420219421387e+01 2.527089224952953694e-05
3.615406608581542969e+01 1.991778403645693554e-05
3.754962801933288574e+01 1.576045744466541418e-05
3.893931698799133301e+01 1.251566480842225070e-05
4.043931913375854492e+01 9.971604497751546144e-06
