1.456523180007934570e+00 1.295735847964279541e+00
2.900143146514892578e+00 1.758494093264387175e+02
4.286066055297851562e+00 1.374435497395685069e+01
5.672377109527587891e+00 4.589391092889042456e-01
7.034702062606811523e+00 6.707584709848878057e-02
8.400890111923217773e+00 2.117986470386562514e-02
9.851155996322631836e+00 9.381129822475619065e-03
1.128662419319152832e+01 4.946151705544907413e-03
1.283527803421020508e+01 2.891508765536098154e-03
1.427687907218933105e+01 1.808941755562556422e-03
1.591107201576232910e+01 1.186953181325776799e-03
1.757010507583618164e+01 8.067511057512302295e-04
1.929990220069885254e+01 5.633657548481748765e-04
2.083077001571655273e+01 4.019381120299746657e-04
2.257544398307800293e+01 2.918259249272154437e-04
2.400294613838195801e+01 2.149863807923092969e-04
2.543799114227294922e+01 1.603388153522055065e-04
2.686660599708557129e+01 1.208440407837031125e-04
2.830891013145446777e+01 9.190439132029639075e-05
2.973310613632202148e+01 7.044546985255468411e-05
3.117122006416320801e+01 5.436890209941273264e-05
3.259092116355895996e+01 4.221621680742915732e-05
3.405791306495666504e+01 3.295719419372360474e-05
3.549942803382873535e+01 2.585364166845162024e-05
3.698557019233703613e+01 2.036992257363980891e-05
3.844661307334899902e+01 1.611306087731597146e-05
3.988838219642639160e+01 1.279192725572699965e-05
4.133685207366943359e+01 1.018897467519642770e-05
4.277023816108703613e+01 8.140380548741842654e-06
