1.425438165664672852e+00 1.373099496203141534e+00
2.902456998825073242e+00 2.631947055354182794e+02
4.322261095046997070e+00 8.302776419340185043e+01
5.663729190826416016e+00 2.456698934139313284e+00
6.962339162826538086e+00 1.651776038072627073e-01
8.472364187240600586e+00 3.732650755841392110e-02
1.009494113922119141e+01 1.416463422435179816e-02
1.159059119224548340e+01 6.863888061128266792e-03
1.299252319335937500e+01 3.807467359684955574e-03
1.442467403411865234e+01 2.298176466260277648e-03
1.585850620269775391e+01 1.469468616185191446e-03
1.728077721595764160e+01 9.797399157195328407e-04
1.869328403472900391e+01 6.742969160036133567e-04
2.005070018768310547e+01 4.757711330107461845e-04
2.142813420295715332e+01 3.424715421858890753e-04
2.286015915870666504e+01 2.505871290777766025e-04
2.426286721229553223e+01 1.858688837967816118e-04
2.567885017395019531e+01 1.394571530815263537e-04
2.704908108711242676e+01 1.056643632723002315e-04
2.835989999771118164e+01 8.073905760721350152e-05
2.976953816413879395e+01 6.214864930249538490e-05
3.115658211708068848e+01 4.814868167055176584e-05
3.248415303230285645e+01 3.751636735070113915e-05
3.460465717315673828e+01 2.938140040092172367e-05
3.854862999916076660e+01 2.311600961765942520e-05
4.026835799217224121e+01 1.826200954100547311e-05
4.182518315315246582e+01 1.448148987306285087e-05
4.319558906555175781e+01 1.152292432515979390e-05
4.447304201126098633e+01 9.197528837488142469e-06
