1.325364112854003906e+00 1.276536126826582462e+00
2.637748003005981445e+00 2.064916136845511971e+02
3.958279132843017578e+00 2.597557370755855999e+01
5.372077941894531250e+00 7.356468887770023501e-01
6.702368021011352539e+00 8.664245567127612513e-02
8.054137945175170898e+00 2.499570867453517961e-02
9.392832040786743164e+00 1.060429008267208678e-02
1.068595814704895020e+01 5.457907586365054291e-03
1.198888206481933594e+01 3.142166383680026175e-03
1.330410909652709961e+01 1.944968736402400474e-03
1.463802003860473633e+01 1.266368852473140827e-03
1.601075196266174316e+01 8.557737350071548512e-04
1.730805802345275879e+01 5.949928180126935230e-04
1.861844110488891602e+01 4.230792148844433886e-04
1.993370604515075684e+01 3.063682555740510766e-04
2.129918408393859863e+01 2.252246719439389639e-04
2.260471296310424805e+01 1.676852951484565559e-04
2.390656709671020508e+01 1.261994078982444940e-04
2.521523714065551758e+01 9.586066846867346127e-05
2.653376698493957520e+01 7.340170923049885794e-05
2.785629010200500488e+01 5.659981828349947681e-05
2.917157196998596191e+01 4.391434999385693499e-05
3.048734402656555176e+01 3.425960350190927257e-05
3.179542112350463867e+01 2.685923569377455069e-05
3.309767007827758789e+01 2.115095176147316727e-05
3.441984105110168457e+01 1.672287851351575910e-05
3.573185610771179199e+01 1.327031605381242776e-05
3.704148006439208984e+01 1.056585673447259515e-05
3.835471296310424805e+01 8.438436511204679111e-06
