1.359318017959594727e+00 1.375892245104906042e+00
2.660370111465454102e+00 2.139892500235935699e+02
3.968415975570678711e+00 2.718092593477613406e+01
5.258598089218139648e+00 7.636688291230633308e-01
6.549871921539306641e+00 8.848348349974730076e-02
7.851541042327880859e+00 2.535854191731870544e-02
9.156348943710327148e+00 1.072132001992290133e-02
1.045376110076904297e+01 5.505592591147671737e-03
1.179822206497192383e+01 3.164837759106455418e-03
1.354764294624328613e+01 1.956836409904524812e-03
1.500463604927062988e+01 1.273096414455576015e-03
1.648652505874633789e+01 8.598756624730849235e-04
1.788716506958007812e+01 5.976667863847248685e-04
1.937530803680419922e+01 4.249247099006705553e-04
2.086653208732604980e+01 3.076994280689848639e-04
2.224686908721923828e+01 2.262153950068453905e-04
2.368126392364501953e+01 1.684384298574207383e-04
2.603233599662780762e+01 1.267802511675961640e-04
2.802688193321228027e+01 9.631330479570265836e-05
2.979812908172607422e+01 7.375727580766569275e-05
3.140023398399353027e+01 5.688096707550107062e-05
3.324524497985839844e+01 4.413787917699530560e-05
3.471865105628967285e+01 3.443814349687508589e-05
3.613875198364257812e+01 2.700239273050599346e-05
3.754256987571716309e+01 2.126610783819885309e-05
3.885409688949584961e+01 1.681575993694516631e-05
4.038168692588806152e+01 1.334540178807336436e-05
4.170744299888610840e+01 1.062667495824123948e-05
4.300593209266662598e+01 8.487782706289726794e-06
