1.328006982803344727e+00 1.115950892075825651e+00
2.750419855117797852e+00 2.286386613675608714e+02
4.146278858184814453e+00 1.627109511678203546e+02
5.458935022354125977e+00 8.559596225863018049e+00
6.867127895355224609e+00 3.373688397045387921e-01
8.234170913696289062e+00 5.654162463572164760e-02
9.990046024322509766e+00 1.888627113341174654e-02
1.130021500587463379e+01 8.584638964276304976e-03
1.257866501808166504e+01 4.588229466555532148e-03
1.387493085861206055e+01 2.703791973422954749e-03
1.517265701293945312e+01 1.700252030899633950e-03
1.646964192390441895e+01 1.119822151233884925e-03
1.776863288879394531e+01 7.634856539003894013e-04
1.904239583015441895e+01 5.346616382311197239e-04
2.032212281227111816e+01 3.824849657189448001e-04
2.161442184448242188e+01 2.784119946101810007e-04
2.291522383689880371e+01 2.055939952445065262e-04
2.422187280654907227e+01 1.536692216994102900e-04
2.553076887130737305e+01 1.160466926351521206e-04
2.683175683021545410e+01 8.841382839165897530e-05
2.811371803283691406e+01 6.787998006429118904e-05
2.946991491317749023e+01 5.246669851635850628e-05
3.091579389572143555e+01 4.079493892632293095e-05
3.232256293296813965e+01 3.188797692191234503e-05
3.371557784080505371e+01 2.504428203801367740e-05
3.503059387207031250e+01 1.975375436722395618e-05
3.631475281715393066e+01 1.564145605334495482e-05
3.766022801399230957e+01 1.242914693998109989e-05
3.910463786125183105e+01 9.908576823225688309e-06
