1.359001874923706055e+00 1.214607645273084957e+00
2.658093929290771484e+00 2.272309637242044289e+02
3.924330949783325195e+00 5.098701141434083439e+01
5.204968929290771484e+00 1.369846181194782631e+00
6.472024917602539062e+00 1.209150617375711889e-01
7.747149944305419922e+00 3.089398570260688814e-02
9.014382839202880859e+00 1.239612613254018926e-02
1.026421999931335449e+01 6.190116040109857123e-03
1.151621198654174805e+01 3.497762692954444873e-03
1.275378179550170898e+01 2.137876334580159077e-03
1.403058385848999023e+01 1.379381657248369714e-03
1.530138897895812988e+01 9.258744591985084609e-04
1.655455398559570312e+01 6.404399575121050032e-04
1.781547188758850098e+01 4.535905779135122103e-04
1.907942295074462891e+01 3.274341384333085271e-04
2.034136390686035156e+01 2.401035341298042981e-04
2.159920692443847656e+01 1.783925695756709252e-04
2.286068582534790039e+01 1.340257399501339805e-04
2.411649894714355469e+01 1.016570394684030663e-04
2.536310696601867676e+01 7.774319426036794135e-05
2.662266588211059570e+01 5.988327106800308175e-05
2.788201689720153809e+01 4.641862193524486302e-05
2.914249897003173828e+01 3.618373005571161945e-05
3.037933778762817383e+01 2.834724824879650737e-05
3.164227080345153809e+01 2.230834620789546200e-05
3.291638493537902832e+01 1.762775465042495690e-05
3.418207788467407227e+01 1.398104121381968051e-05
3.549939179420471191e+01 1.112641942633427039e-05
3.678613686561584473e+01 8.882238266338298986e-06
