1.530856132507324219e+00 1.122967306037671031e+00
2.916557073593139648e+00 2.495791304031610593e+02
4.961642026901245117e+00 1.195478376368883460e+02
6.494791030883789062e+00 4.385586092796243562e+00
7.978935003280639648e+00 2.273637317657427603e-01
9.344521045684814453e+00 4.510886769521971901e-02
1.070089101791381836e+01 1.617998174434736799e-02
1.205763506889343262e+01 7.619722237919683734e-03
1.341933512687683105e+01 4.156431854573963171e-03
1.480077505111694336e+01 2.481466534248366346e-03
1.614422607421875000e+01 1.574459898005315566e-03
1.753318405151367188e+01 1.043721539501468081e-03
1.895440912246704102e+01 7.151330736297582813e-04
2.025155711174011230e+01 5.027850958286697114e-04
2.200389313697814941e+01 3.608596416299007358e-04
2.354597496986389160e+01 2.633991994793460629e-04
2.490080404281616211e+01 1.949707206145624727e-04
2.627454710006713867e+01 1.460296647640641561e-04
2.768669700622558594e+01 1.104766580959601498e-04
2.904959797859191895e+01 8.430452483916340601e-05
3.033365607261657715e+01 6.481741683027811133e-05
3.161371207237243652e+01 5.016405791020004176e-05
3.287995004653930664e+01 3.905021899312514813e-05
3.417040300369262695e+01 3.055686677943227005e-05
3.544699907302856445e+01 2.402241356263780779e-05
3.707605504989624023e+01 1.896484617277347521e-05
3.888333606719970703e+01 1.502924105839334908e-05
4.032949399948120117e+01 1.195178284554356729e-05
4.207390999794006348e+01 9.534719796110899248e-06
