2.351034164428710938e+00 1.899241777309262397e+04
4.727239131927490234e+00 5.685043707795705004e+00
7.117057085037231445e+00 2.011566146988277293e-01
9.477111101150512695e+00 5.258865345325368368e-02
1.177523612976074219e+01 2.075030740875593097e-02
1.410333108901977539e+01 8.327504937598557283e-03
1.649673104286193848e+01 4.677504953957439815e-03
1.894865107536315918e+01 3.029945664602704068e-03
2.132541704177856445e+01 2.135735317898640722e-03
2.391425418853759766e+01 1.591670145448894572e-03
2.631522798538208008e+01 1.233839591435295516e-03
2.871641707420349121e+01 9.847778243934623976e-04
