2.418198108673095703e+00 2.711097841592205805e+04
4.724424123764038086e+00 1.524767735766453747e+00
7.131359100341796875e+00 1.759746253663698190e-01
9.543694972991943359e+00 5.676325786543761492e-02
1.194449305534362793e+01 1.754510195510823947e-02
1.432652211189270020e+01 8.781135238746407001e-03
1.676375007629394531e+01 5.846682610798564252e-03
1.916224312782287598e+01 3.243587321405110892e-03
2.156169104576110840e+01 7.048799273875523512e-03
2.396236610412597656e+01 1.310767370679912468e-02
2.640880298614501953e+01 1.573909599740414304e-03
2.914275407791137695e+01 1.030889151739301356e-03
3.153383708000183105e+01 6.417778498192983246e-04
