3.000000000000000000e+00 1.003606464761974237e+00
5.000000000000000000e+00 1.009753160782184134e+00
7.000000000000000000e+00 9.696986779817408086e-01
1.000000000000000000e+01 9.309607635807498616e-01
1.200000000000000000e+01 9.455454288537349372e-01
1.500000000000000000e+01 9.398683030362338098e-01
2.000000000000000000e+01 8.778061096533036345e-01
2.500000000000000000e+01 8.703914972685019569e-01
3.000000000000000000e+01 8.738629097268473256e-01
4.000000000000000000e+01 8.408844635792543931e-01
6.000000000000000000e+01 8.451939184105367042e-01
7.500000000000000000e+01 8.078929865717411340e-01
1.000000000000000000e+02 8.355108870512188979e-01
1.250000000000000000e+02 8.112779200173918515e-01
1.500000000000000000e+02 7.920705499964253438e-01
1.750000000000000000e+02 8.434296178559034241e-01
2.000000000000000000e+02 8.470408915496306923e-01
