1.260557889938354492e+00 3.737168472518251860e+02
2.513696908950805664e+00 1.732708856424661690e+02
3.804515838623046875e+00 3.508423996578504678e-01
5.074139833450317383e+00 4.729100877290723370e-02
6.345754861831665039e+00 2.146912609979709924e-02
7.614114999771118164e+00 1.940996833370346383e-02
8.857244968414306641e+00 7.044504436176617437e-03
1.010986399650573730e+01 5.045013960579554368e-03
1.134651803970336914e+01 2.098215515876723346e-03
1.261075806617736816e+01 3.261421120110323188e-03
1.387068605422973633e+01 1.636484657405760804e-03
1.513809394836425781e+01 1.144896726454699412e-03
1.640321397781372070e+01 8.751181230545230930e-04
1.767149591445922852e+01 6.359712975649183843e-04
1.892639684677124023e+01 5.901060814971862420e-04
2.017839694023132324e+01 5.358144787694527024e-04
2.144601893424987793e+01 3.484714231336630817e-04
2.268560385704040527e+01 2.573344305348941531e-04
2.394412803649902344e+01 1.932362545615048824e-04
2.518497991561889648e+01 4.022537426070229519e-04
2.644214892387390137e+01 3.132562438298423140e-04
2.772600102424621582e+01 2.592429208155088262e-04
2.896119689941406250e+01 2.296728694886525650e-04
3.020543599128723145e+01 2.085964013293369979e-04
3.148592901229858398e+01 1.916404230876909954e-04
3.274938201904296875e+01 1.908210812000066606e-04
3.400333905220031738e+01 1.737162812686979772e-04
3.524413490295410156e+01 1.538389385544155824e-04
3.651121401786804199e+01 1.416387600813238912e-04
3.778911304473876953e+01 1.347398327420775636e-04
3.904478001594543457e+01 1.230228758810328251e-04
4.066296601295471191e+01 1.224816349121075844e-04
4.191935086250305176e+01 1.126853504305970797e-04
4.319896602630615234e+01 1.037569768128317936e-04
4.444722795486450195e+01 9.679759119624464379e-05
4.575263905525207520e+01 8.101666545966749826e-05
4.717772102355957031e+01 6.340518500342972414e-05
4.845976686477661133e+01 5.696248689673586877e-05
4.973928499221801758e+01 5.205375166499742745e-05
5.101398301124572754e+01 4.825404468082073877e-05
5.227543401718139648e+01 4.509372475891238678e-05
5.356027984619140625e+01 4.236148131055296028e-05
5.493473505973815918e+01 3.994183365744821825e-05
5.620562696456909180e+01 6.295888179684703721e-05
5.745475101470947266e+01 4.697866504753150008e-05
5.870481896400451660e+01 3.644149712559829456e-05
5.994618296623229980e+01 3.365004901902020486e-05
6.118674492835998535e+01 3.304286629516960507e-05
6.245040583610534668e+01 3.082160784112671081e-05
6.371188187599182129e+01 2.911272920248550214e-05
6.496054792404174805e+01 2.771014620633116462e-05
6.620401692390441895e+01 2.655476294623956157e-05
6.745824599266052246e+01 2.563271876149118679e-05
6.872110605239868164e+01 2.484448711926886972e-05
6.997807383537292480e+01 2.401437829237287452e-05
7.123309493064880371e+01 2.290670930122148743e-05
7.247376203536987305e+01 2.171408711102933330e-05
7.373816704750061035e+01 2.893453001692724967e-05
7.500979185104370117e+01 2.270138422898717031e-05
7.625449299812316895e+01 1.985031031312540318e-05
7.751445198059082031e+01 1.860981868475857022e-05
7.877936697006225586e+01 1.778324190883104629e-05
8.002315187454223633e+01 1.707512494634730709e-05
8.129359889030456543e+01 1.642187684046626718e-05
8.255755686759948730e+01 1.580567487325778764e-05
8.380400490760803223e+01 1.518569069641818891e-05
8.505877590179443359e+01 1.470172091583516511e-05
8.631851005554199219e+01 1.400007502982963739e-05
8.755944705009460449e+01 1.336793635479404077e-05
8.880996084213256836e+01 1.282379385676567934e-05
9.004953002929687500e+01 1.232732729753813775e-05
9.131541705131530762e+01 1.186389656260699064e-05
9.258463597297668457e+01 1.142663635438377406e-05
9.385141491889953613e+01 1.101165591147895119e-05
9.509301090240478516e+01 1.082476119769827263e-05
9.634056186676025391e+01 1.027835064649608055e-05
9.761041402816772461e+01 1.005714991764301611e-05
9.886198806762695312e+01 9.688405502292354388e-06
