1.479527950286865234e+00 2.875829844234780239e+02
2.886512041091918945e+00 2.801056762778390663e+01
4.268075942993164062e+00 2.841904427329958738e-01
5.577365875244140625e+00 8.605167082598552675e-02
6.978435993194580078e+00 3.248140870488930299e-02
8.423259973526000977e+00 1.793726687011939006e-02
9.862077951431274414e+00 7.316447146046532735e-03
1.116526699066162109e+01 4.067860076079896255e-03
1.246636795997619629e+01 3.415482537664275148e-03
1.379018092155456543e+01 2.183955725809774706e-03
1.509945082664489746e+01 2.234064137348801618e-03
1.642379784584045410e+01 4.534975362309416960e-03
1.771959805488586426e+01 3.320524034103915050e-03
1.900391602516174316e+01 1.472678173203351452e-03
2.029801702499389648e+01 8.459442500498036204e-04
2.157706403732299805e+01 6.237137554069248618e-04
2.289639282226562500e+01 4.692870082004066976e-04
2.418195891380310059e+01 4.298584197634602411e-04
2.548371887207031250e+01 3.703366219428721757e-04
2.679950499534606934e+01 4.017543652396151255e-04
2.811323499679565430e+01 6.245970116155572134e-04
2.942611384391784668e+01 4.570681210978434317e-04
3.071738004684448242e+01 3.092925583285466642e-04
3.203188085556030273e+01 2.383539847347986810e-04
3.334066700935363770e+01 2.072352162843919842e-04
3.463005399703979492e+01 1.959056312802222310e-04
3.592755985260009766e+01 1.895993036551443355e-04
3.722080492973327637e+01 1.810731699638881437e-04
3.861368489265441895e+01 3.807434517243669611e-04
3.991272687911987305e+01 2.963455364272455012e-04
4.129611396789550781e+01 1.968736121164177985e-04
4.264754796028137207e+01 1.445776695695129884e-04
4.402631402015686035e+01 9.586601254520629495e-05
4.551145195960998535e+01 8.481190006958808688e-05
4.683548283576965332e+01 7.507047499645847790e-05
4.813072299957275391e+01 6.720459545209526693e-05
4.941066193580627441e+01 6.484013568448041139e-05
5.070336103439331055e+01 6.282198728715308704e-05
5.203927087783813477e+01 7.741641558823432305e-05
5.336403393745422363e+01 1.216728405697034787e-04
5.466562604904174805e+01 5.679808934820540966e-05
5.595612192153930664e+01 4.930069238940306726e-05
5.731913089752197266e+01 4.908264837977567319e-05
5.886772394180297852e+01 4.555777495871308428e-05
6.096351385116577148e+01 4.474553083137089725e-05
6.225905394554138184e+01 4.186098354933285502e-05
6.355018901824951172e+01 4.212592515673726460e-05
6.482249283790588379e+01 3.958745245495653623e-05
6.611680984497070312e+01 3.778280640994873706e-05
6.739499092102050781e+01 3.754348237206155451e-05
6.869828605651855469e+01 3.508111386519801689e-05
7.000834083557128906e+01 3.363389455180868713e-05
7.129634284973144531e+01 3.245869941550223958e-05
7.257551789283752441e+01 3.149456110208147833e-05
7.385169482231140137e+01 3.053147011137481920e-05
7.566434001922607422e+01 2.931138378002596525e-05
7.695401692390441895e+01 2.841950143771979716e-05
7.864540004730224609e+01 2.901316484167933328e-05
8.040867185592651367e+01 4.463851793511466621e-05
8.189604997634887695e+01 2.774709043165322119e-05
8.345551490783691406e+01 2.729991998371639875e-05
8.473540496826171875e+01 2.586449914549292833e-05
8.602962899208068848e+01 2.541793318926006219e-05
8.733886790275573730e+01 2.412202043747554457e-05
8.861649084091186523e+01 2.282104535341007427e-05
8.988737487792968750e+01 2.139524993688288068e-05
9.115910291671752930e+01 2.062063292469390631e-05
9.243832802772521973e+01 1.989883955880323763e-05
9.373284983634948730e+01 1.925539832265918302e-05
9.507167387008666992e+01 2.797390969545543698e-05
9.636529588699340820e+01 2.224436860764312940e-05
9.765666604042053223e+01 1.856805995547039365e-05
9.899628305435180664e+01 1.779976058431292826e-05
1.003009350299835205e+02 1.715285111791731905e-05
1.016039810180664062e+02 1.659514708785094197e-05
1.030200619697570801e+02 1.851662310681438284e-05
1.043885309696197510e+02 1.680439404643232498e-05
1.056784019470214844e+02 1.565115938223530110e-05
1.069751009941101074e+02 1.645935371827673112e-05
1.083420808315277100e+02 1.496347075006168767e-05
1.096277680397033691e+02 1.409691700226412449e-05
1.108941779136657715e+02 1.359660448072597047e-05
1.121935639381408691e+02 1.314349339111788484e-05
1.134985959529876709e+02 1.273941737738298360e-05
1.147952818870544434e+02 1.235860299175736528e-05
1.160887398719787598e+02 1.199584433106652721e-05
1.173814728260040283e+02 1.163456889035352018e-05
1.186700479984283447e+02 1.130114459510519575e-05
1.199522728919982910e+02 1.157977871650461983e-05
1.212474780082702637e+02 1.112512012401122165e-05
1.225310528278350830e+02 1.048582050491602324e-05
1.238057630062103271e+02 1.016053860302772838e-05
1.250951609611511230e+02 9.859575917957978382e-06
