1.339197874069213867e+00 4.116612260542910917e+02
2.604197025299072266e+00 5.844906970317100559e+01
4.126188039779663086e+00 2.253346180323310133e-01
5.438418865203857422e+00 4.182020230611106781e-02
6.734255075454711914e+00 1.787990301471825694e-02
8.004586935043334961e+00 1.373672106420090189e-02
9.295643091201782227e+00 6.952325317014377073e-03
1.055454587936401367e+01 3.657632584424605135e-03
1.182869386672973633e+01 2.564063282246989775e-03
1.311420798301696777e+01 1.467856059376960402e-03
1.439034104347229004e+01 1.523128278180807061e-03
1.566343688964843750e+01 9.585595765569321835e-04
1.692900109291076660e+01 1.056762673628049544e-03
1.823231792449951172e+01 7.795595552007984026e-04
1.949570798873901367e+01 6.472280812665583876e-04
2.075337004661560059e+01 5.602405487007009128e-04
2.202983999252319336e+01 5.064614116943541057e-04
2.325487995147705078e+01 4.325902711931495378e-04
2.448615193367004395e+01 3.923003596116474210e-04
2.573480010032653809e+01 3.699963397619886033e-04
2.701489400863647461e+01 3.523663189545126568e-04
2.828135895729064941e+01 3.148659736563884262e-04
2.955190396308898926e+01 2.714478750021538677e-04
3.078754806518554688e+01 2.433922700503175470e-04
3.201210808753967285e+01 2.156702710502971161e-04
3.326149892807006836e+01 1.949351025048650320e-04
3.471601605415344238e+01 1.918911101996448971e-04
3.602792191505432129e+01 1.842538774479892934e-04
3.731621694564819336e+01 1.791956792735060631e-04
3.861415410041809082e+01 1.448300609661537367e-04
4.026567697525024414e+01 1.317232502706435773e-04
4.193272089958190918e+01 1.220801929543454507e-04
4.332289195060729980e+01 1.151956295880333703e-04
4.467388105392456055e+01 1.092480852197838206e-04
4.653953003883361816e+01 1.173141035686764438e-04
4.799547791481018066e+01 1.001082633104816247e-04
4.940873289108276367e+01 9.328610113673714251e-05
5.070327687263488770e+01 8.236129052593060352e-05
5.218895697593688965e+01 7.638622438493754784e-05
5.371803188323974609e+01 7.273115105014199078e-05
5.519981408119201660e+01 6.869080245584806190e-05
5.644342899322509766e+01 8.947614046480078305e-05
5.770032596588134766e+01 9.615934547052794313e-05
5.896577692031860352e+01 5.828055119678036831e-05
6.026666188240051270e+01 6.750808589547670354e-05
6.155987501144409180e+01 1.771469282593668480e-04
6.283949995040893555e+01 9.915842231670116971e-05
6.409925699234008789e+01 1.076318798329109543e-04
6.536947607994079590e+01 9.084140516325770051e-05
6.665823006629943848e+01 5.142756268971877440e-05
6.793832397460937500e+01 6.915955628418879052e-05
6.920966792106628418e+01 7.116908553737783568e-05
7.047065687179565430e+01 4.044354963245880090e-05
7.170798993110656738e+01 3.804708713471639044e-05
7.302903890609741211e+01 3.805840933183055709e-05
7.431913805007934570e+01 3.205237001519058339e-05
7.561744904518127441e+01 3.120465271279477778e-05
7.695504188537597656e+01 4.328632782997505872e-05
7.825633406639099121e+01 4.789651351628880087e-05
7.960387802124023438e+01 2.495983763129983792e-05
8.095176696777343750e+01 2.545193888943572829e-05
8.224177289009094238e+01 2.288972204777924366e-05
8.348793387413024902e+01 2.217164923264699458e-05
8.472638607025146484e+01 2.104076537466552328e-05
8.598343491554260254e+01 2.059795485221577158e-05
8.723884487152099609e+01 1.886855397989654551e-05
8.848909091949462891e+01 4.071439050530231956e-05
8.974120593070983887e+01 2.995227358307325303e-05
9.097626399993896484e+01 2.479660797019008246e-05
9.221519994735717773e+01 2.549416099311296546e-05
9.345557689666748047e+01 2.087971302089394965e-05
9.470471191406250000e+01 1.927274917107725354e-05
9.594954490661621094e+01 1.821221138432341718e-05
9.732862997055053711e+01 1.731762886121481813e-05
9.859002399444580078e+01 1.676169830663631186e-05
1.000153338909149170e+02 1.589154531259152743e-05
1.012577610015869141e+02 1.516861448527117659e-05
1.025039689540863037e+02 1.445369525149195083e-05
1.037445580959320068e+02 1.381867467512722697e-05
1.049846599102020264e+02 1.320042693686023157e-05
1.062245929241180420e+02 1.263825329546010858e-05
1.074781010150909424e+02 1.209855573796525454e-05
1.087233839035034180e+02 1.164971475812459092e-05
1.099814798831939697e+02 1.113610941893126365e-05
1.114375829696655273e+02 1.066375787678981286e-05
1.128311569690704346e+02 1.028991915420141614e-05
1.142928299903869629e+02 9.809820489619946562e-06
