1.284981966018676758e+00 2.313418119078602899e+02
2.543505907058715820e+00 3.592739205475187987e+02
3.796241998672485352e+00 3.862246944446086627e-01
5.256278991699218750e+00 5.716647490882372645e-02
6.593527078628540039e+00 2.546142307426926821e-02
7.900800943374633789e+00 9.904912829171099928e-03
9.184201002120971680e+00 5.468974113938871069e-03
1.046305394172668457e+01 3.277612893594059051e-03
1.172757005691528320e+01 2.156201611043221181e-03
1.300188493728637695e+01 1.483329131368446964e-03
1.424486804008483887e+01 1.311207884365003318e-03
1.550805592536926270e+01 1.084274591423509430e-03
1.676716303825378418e+01 7.576905736842607861e-04
1.802505493164062500e+01 5.801488105198471506e-04
1.928289914131164551e+01 4.669284558732042837e-04
2.053236293792724609e+01 3.881303822619553106e-04
2.179271101951599121e+01 3.299960229019705113e-04
2.305842995643615723e+01 2.851777841356223841e-04
2.431369113922119141e+01 2.494664250673485069e-04
2.557989907264709473e+01 2.203984075519293379e-04
2.685942912101745605e+01 1.965383564594106890e-04
2.811579203605651855e+01 1.770220702468438645e-04
2.936275911331176758e+01 1.612069650449999138e-04
3.064053297042846680e+01 1.484257757010341567e-04
3.188908195495605469e+01 1.379099757060488847e-04
3.314197301864624023e+01 1.288919779172333665e-04
3.440544795989990234e+01 1.207715141342375026e-04
3.565342092514038086e+01 1.132026399431908508e-04
3.690291500091552734e+01 1.060593947277557394e-04
3.820573997497558594e+01 9.933977073120844751e-05
3.946198797225952148e+01 9.307938860693170302e-05
4.104891395568847656e+01 8.730395503918528222e-05
4.229798293113708496e+01 8.201469722568122003e-05
4.357731509208679199e+01 7.719100670310061261e-05
4.483982205390930176e+01 7.279839836353359695e-05
4.610290002822875977e+01 6.879601396901611240e-05
4.736313796043395996e+01 6.514191479416468668e-05
4.860783004760742188e+01 6.179621122823188899e-05
4.987580704689025879e+01 5.872260975902910779e-05
5.112838006019592285e+01 5.588895970384308553e-05
5.237638306617736816e+01 5.326723292534768034e-05
5.364823698997497559e+01 5.083321786361292562e-05
5.491923999786376953e+01 4.856609568681438378e-05
5.616862511634826660e+01 4.644799152783451898e-05
5.743171691894531250e+01 4.446354816369521915e-05
5.867509508132934570e+01 4.259954317313379389e-05
5.993221592903137207e+01 4.084455612421011573e-05
6.119478797912597656e+01 3.918868491610643355e-05
6.244686508178710938e+01 3.762330693558900777e-05
6.369238710403442383e+01 3.614087940867976396e-05
6.495254397392272949e+01 3.473477316499583582e-05
6.620216798782348633e+01 3.339913449873714959e-05
6.745076894760131836e+01 3.212877036145170078e-05
6.869299006462097168e+01 3.091905282669127027e-05
6.996203899383544922e+01 2.976583945588404085e-05
7.123206591606140137e+01 2.866540672028432084e-05
7.248641395568847656e+01 2.761439413987393669e-05
7.373444700241088867e+01 2.660975726453739131e-05
7.497471594810485840e+01 2.564872793232030621e-05
7.621317291259765625e+01 2.472878051654481279e-05
7.745711994171142578e+01 2.384760315453731574e-05
7.870121312141418457e+01 2.981343998536630402e-05
7.997111010551452637e+01 2.232186049272695750e-05
8.120937609672546387e+01 2.146246985106292177e-05
8.244216704368591309e+01 2.495499200936720071e-05
8.369382190704345703e+01 2.006540699245871847e-05
8.493926692008972168e+01 1.930633957680391274e-05
8.621721100807189941e+01 1.861205747646729492e-05
8.746864008903503418e+01 2.099536174717172579e-05
8.871809911727905273e+01 1.741387295497283871e-05
8.997800707817077637e+01 1.678040949716539624e-05
9.123046207427978516e+01 1.619175836098624987e-05
9.248909401893615723e+01 1.563321076667484891e-05
9.375470495223999023e+01 1.741196157158220889e-05
9.500903010368347168e+01 1.464200306828523609e-05
9.625481510162353516e+01 1.412826039656231534e-05
9.751400995254516602e+01 1.364620273375439164e-05
9.878912997245788574e+01 1.318644963714917439e-05
1.000303869247436523e+02 1.453584953986536787e-05
1.012707240581512451e+02 1.236362205406279759e-05
1.025199670791625977e+02 1.194040779969262062e-05
1.037719421386718750e+02 1.154184273603160385e-05
1.050313861370086670e+02 1.116074548908815991e-05
1.062790610790252686e+02 1.079493585157006705e-05
1.075275220870971680e+02 1.044326011878027827e-05
1.087717759609222412e+02 1.151077641573469824e-05
1.100350730419158936e+02 9.807793642501209673e-06
