1.370748996734619141e+00 3.279713158038567258e+02
2.650341987609863281e+00 5.926581014429954308e+01
3.935108900070190430e+00 2.358956448086631241e-01
5.223384857177734375e+00 4.740714705525121003e-02
6.539984941482543945e+00 1.566744882673667613e-02
7.840354919433593750e+00 6.710183249229463229e-03
9.172703981399536133e+00 4.407110414095216123e-03
1.046297788619995117e+01 4.330320675452550144e-03
1.186578083038330078e+01 2.666946025490576563e-03
1.313556194305419922e+01 1.979975312818109227e-03
1.438072204589843750e+01 5.206610844522268494e-03
1.562005901336669922e+01 1.991154595501772647e-03
1.689555501937866211e+01 1.166728046790037245e-03
1.816458296775817871e+01 7.570133851928925132e-04
1.942221593856811523e+01 7.198565885520940080e-03
2.077291083335876465e+01 2.290521103984156925e-02
2.209107184410095215e+01 1.361108890164479217e-03
2.356676888465881348e+01 4.045230930891513532e-04
2.500694584846496582e+01 2.963891077841095296e-04
2.632049489021301270e+01 2.233882873391957412e-04
2.766877794265747070e+01 1.912436230161804597e-04
2.904972887039184570e+01 2.723482403897590446e-04
3.041752600669860840e+01 1.504268768377717150e-04
3.174504590034484863e+01 3.218436509674891567e-04
3.310175395011901855e+01 3.008296867384392431e-04
3.450750803947448730e+01 2.055498546419463445e-04
3.588577103614807129e+01 1.416029482669815972e-04
3.716888403892517090e+01 1.518150497659419057e-04
3.844083189964294434e+01 1.981871801601563839e-04
3.976135396957397461e+01 3.021726633596851278e-04
4.106863498687744141e+01 2.004450133107839489e-04
4.236110782623291016e+01 1.305547480899478551e-04
4.366604590415954590e+01 7.992263685289764544e-05
4.493311285972595215e+01 6.989206488885121057e-05
4.656241893768310547e+01 1.698634897585779276e-04
4.785626697540283203e+01 2.658425861839311139e-04
4.916850900650024414e+01 2.079729320445128111e-04
5.046081900596618652e+01 1.642505355772468122e-04
5.173334598541259766e+01 1.148353317577981614e-04
5.300973796844482422e+01 7.552134029490721340e-05
5.429014086723327637e+01 5.310692602016539045e-05
5.581759881973266602e+01 5.248217955582543196e-05
5.714280986785888672e+01 4.353303811577269571e-05
5.870784592628479004e+01 4.131849178732212833e-05
6.014156699180603027e+01 3.931576915992487800e-05
6.155185985565185547e+01 3.883645911992805543e-05
6.284568786621093750e+01 3.706246089397474431e-05
6.416501903533935547e+01 3.521666011318366123e-05
6.549440193176269531e+01 3.479808271053604643e-05
6.685067296028137207e+01 3.264061305701380401e-05
6.823769593238830566e+01 3.205246739765207345e-05
6.953656888008117676e+01 3.614139162426128446e-05
7.079814100265502930e+01 3.366331015657948917e-05
7.214785003662109375e+01 3.774731555975711325e-05
7.362423396110534668e+01 2.708332387970805122e-05
7.507612085342407227e+01 2.838474055962556661e-05
7.636149001121520996e+01 2.493023816959888411e-05
7.762210798263549805e+01 2.380839504332284883e-05
7.890361404418945312e+01 9.557446059504530250e-05
8.017915701866149902e+01 7.828932260403716149e-05
8.144411897659301758e+01 2.798443692122607192e-05
8.270687198638916016e+01 8.537901802621411745e-05
8.398073601722717285e+01 5.309197049747781561e-05
8.526977896690368652e+01 2.908274328853665693e-05
8.653593683242797852e+01 7.638998033124436767e-05
8.781356000900268555e+01 4.542282819960686966e-05
8.908466696739196777e+01 6.001029823331201836e-05
9.036351704597473145e+01 3.854469364725399719e-05
9.162412285804748535e+01 5.403538734733315008e-05
9.287818884849548340e+01 5.748468897424612446e-05
9.412347388267517090e+01 5.205913132712335425e-05
9.549269890785217285e+01 4.775916274685358583e-05
9.675240898132324219e+01 4.410523327062700912e-05
9.805999302864074707e+01 4.100756080868661456e-05
9.929872393608093262e+01 3.827121089008032829e-05
1.005282418727874756e+02 3.586088233622101914e-05
1.017599639892578125e+02 3.343454267556341384e-05
1.030146098136901855e+02 3.248922516384605765e-05
1.042494280338287354e+02 3.012512582760568656e-05
1.054941089153289795e+02 2.844413319619837157e-05
1.067356300354003906e+02 2.680464043154315458e-05
1.079691970348358154e+02 2.515420219909913558e-05
1.092066299915313721e+02 2.422928605046878811e-05
1.104596009254455566e+02 2.359389917721020080e-05
1.117227728366851807e+02 2.213239995215845603e-05
1.129717278480529785e+02 2.077008398488885003e-05
1.142057008743286133e+02 2.060718883114786619e-05
1.154572918415069580e+02 1.838721912492105370e-05
1.167008488178253174e+02 1.833298816744725247e-05
1.179494638442993164e+02 1.706663859147933353e-05
1.191968588829040527e+02 1.615065455560283738e-05
1.204499390125274658e+02 1.504605262161749528e-05
1.217000279426574707e+02 1.431292117191973510e-05
1.229374530315399170e+02 1.362325731112920081e-05
1.241716549396514893e+02 1.297831209761383043e-05
1.254104728698730469e+02 1.243813451242883437e-05
1.266473119258880615e+02 1.182428851662275543e-05
1.278868069648742676e+02 1.128893183435934155e-05
1.291247730255126953e+02 1.077385988109814056e-05
1.303595008850097656e+02 1.028525385086075118e-05
1.316041438579559326e+02 8.854327914003200421e-06
