1.407026052474975586e+00 1.961106342397363562e+02
2.790970087051391602e+00 2.470656076837083859e+01
4.157225131988525391e+00 1.906058435103822890e-01
5.501731157302856445e+00 5.886673800412037250e-02
6.861441135406494141e+00 3.621801641538528044e-02
8.213534116744995117e+00 3.707804304769551224e-02
9.571838140487670898e+00 1.784691582962640369e-02
1.096957993507385254e+01 6.892107491342933101e-03
1.237659597396850586e+01 4.509522520567422685e-03
1.372323203086853027e+01 3.024328072025058833e-03
1.508289194107055664e+01 2.403894507591640764e-03
1.644223499298095703e+01 1.384318562990723101e-03
1.780500602722167969e+01 1.787820696208534694e-03
1.910848498344421387e+01 8.307716979873486967e-04
2.040317010879516602e+01 1.123416981978419063e-03
2.169081306457519531e+01 7.067879753092225518e-04
2.297403216361999512e+01 6.180580616935064204e-04
2.427788805961608887e+01 5.136905342040659888e-04
2.557218813896179199e+01 4.480450339500973963e-04
2.686434912681579590e+01 3.879061292786280951e-04
2.814965605735778809e+01 3.427821769775767167e-04
2.943564605712890625e+01 3.443446151788558899e-04
3.073440694808959961e+01 3.016846882716767739e-04
3.203143215179443359e+01 3.173703444012845962e-04
3.331333899497985840e+01 2.433718038361935019e-04
3.460062813758850098e+01 2.220371428330462687e-04
3.589468407630920410e+01 2.030589435772694529e-04
3.719593310356140137e+01 1.832620114063878596e-04
3.850149106979370117e+01 1.706028164046423531e-04
3.978858399391174316e+01 1.895243367425949598e-04
4.107560014724731445e+01 1.546004954401896238e-04
4.236562013626098633e+01 1.404452493911181096e-04
4.366431212425231934e+01 1.289953397495778305e-04
4.494279503822326660e+01 1.479634454264173006e-04
4.656135606765747070e+01 1.184999833009887606e-04
4.788169002532958984e+01 1.077144187705629102e-04
4.925332212448120117e+01 9.886312440503507984e-05
5.057308411598205566e+01 9.253877826668735669e-05
5.186216807365417480e+01 8.661714435398108075e-05
5.317298603057861328e+01 8.119158649113774847e-05
5.446996903419494629e+01 7.705982946394011445e-05
5.575543594360351562e+01 7.209991292886285224e-05
5.706009197235107422e+01 6.774265944424635031e-05
5.836137413978576660e+01 6.394089847791325902e-05
5.965920114517211914e+01 6.213756691029105486e-05
6.095050597190856934e+01 6.456531849681482129e-05
6.224203515052795410e+01 8.318505708173150998e-05
6.356110596656799316e+01 5.412734638723471701e-05
6.484588193893432617e+01 7.699301871668996777e-05
6.614147210121154785e+01 7.789771200913072117e-05
6.742856097221374512e+01 8.807413647614020075e-05
6.870865106582641602e+01 5.527012000875888918e-05
7.000275492668151855e+01 4.387559391579299282e-05
7.130748009681701660e+01 3.787054800177765178e-05
7.261337113380432129e+01 5.052173051628573432e-05
7.390828108787536621e+01 5.917901013321004363e-05
7.519457602500915527e+01 4.752448470679929566e-05
7.647763800621032715e+01 4.926115398516349566e-05
7.777057504653930664e+01 4.075955596180637114e-05
7.906486105918884277e+01 4.570557600307163212e-05
8.036905193328857422e+01 3.734125415994530791e-05
8.164998507499694824e+01 3.267565587411391852e-05
8.293003010749816895e+01 2.916875863521599353e-05
8.421745204925537109e+01 2.899432744392896991e-05
8.551539301872253418e+01 2.473995805439185012e-05
8.680632305145263672e+01 2.929952562919424850e-05
8.808664011955261230e+01 3.275255218656773868e-05
8.939359402656555176e+01 2.172878617653892138e-05
9.068826198577880859e+01 2.227944328647583620e-05
9.198129415512084961e+01 1.977234505612268886e-05
9.326776695251464844e+01 1.869000132688297905e-05
9.455763912200927734e+01 1.795017076545209816e-05
9.583981013298034668e+01 1.705560391380794399e-05
9.711948013305664062e+01 1.624153182399418817e-05
9.840887904167175293e+01 1.551928723074864441e-05
9.968797802925109863e+01 1.483953246479299055e-05
1.009830169677734375e+02 1.419731178056480534e-05
1.022659721374511719e+02 1.359518179582848209e-05
1.035474040508270264e+02 1.323136838425120175e-05
1.048316879272460938e+02 1.264512270928284247e-05
1.061331241130828857e+02 1.221470828043417097e-05
1.074224770069122314e+02 1.171445563354024749e-05
1.087209019660949707e+02 1.116488969635350616e-05
1.101026091575622559e+02 1.075759294862053249e-05
1.114911699295043945e+02 1.033117399899451514e-05
1.129268770217895508e+02 9.903741584405101775e-06
