1.291840076446533203e+00 1.512818719143863859e+02
2.548573970794677734e+00 8.593058672081901932e+02
3.788905143737792969e+00 4.791237588277967863e-01
5.038763046264648438e+00 6.130402014068017658e-02
6.311107158660888672e+00 2.102554562273668479e-02
7.565555095672607422e+00 9.505247168992068257e-03
8.830705165863037109e+00 5.317565772572013100e-03
1.009854197502136230e+01 3.323465788641224647e-03
1.135892009735107422e+01 2.231221615236664811e-03
1.262092304229736328e+01 1.576111723582074081e-03
1.388703012466430664e+01 1.157035306052668286e-03
1.515441894531250000e+01 8.756208173886757557e-04
1.641348004341125488e+01 6.793088169231326513e-04
1.765534114837646484e+01 5.380697902276388193e-04
1.889540314674377441e+01 4.338147539273864268e-04
2.015951800346374512e+01 3.551696673706296933e-04
2.140364813804626465e+01 2.947236283381526574e-04
2.264241909980773926e+01 2.475006740559409992e-04
2.389667701721191406e+01 2.100726078433770355e-04
2.514357399940490723e+01 1.800242035397987676e-04
2.639474105834960938e+01 1.556202128689844065e-04
2.767451310157775879e+01 1.355920983560447973e-04
2.892931604385375977e+01 1.189980197798222585e-04
3.017151212692260742e+01 1.051288733608847655e-04
3.144696807861328125e+01 9.344398916646159655e-05
3.269957208633422852e+01 8.352634441983225358e-05
3.395817899703979492e+01 7.505086990790780100e-05
3.522853016853332520e+01 6.776169565500869945e-05
3.647132515907287598e+01 6.145559775648492195e-05
3.773176717758178711e+01 5.596980985923462489e-05
3.898408699035644531e+01 5.117294785369486256e-05
4.023777699470520020e+01 4.695818253438885587e-05
4.148695206642150879e+01 4.323805396516046027e-05
4.274277710914611816e+01 1.396599308851107066e-04
4.399274516105651855e+01 1.675425122437852743e-04
4.524411010742187500e+01 4.493555363566406976e-05
4.648411917686462402e+01 1.089057147308322731e-04
4.776216816902160645e+01 1.375303755808282579e-04
4.902099704742431641e+01 4.083392739551288270e-05
5.029065513610839844e+01 8.981973081194725560e-05
5.155486106872558594e+01 1.170393098639365407e-04
5.282029199600219727e+01 7.846010285158082635e-05
5.407969808578491211e+01 1.036348254801736411e-04
5.532414913177490234e+01 6.966500703666964577e-05
5.658191299438476562e+01 9.296435464950620025e-05
5.784973597526550293e+01 6.229041434994858650e-05
5.909533810615539551e+01 1.099857536399729765e-04
6.036733508110046387e+01 9.889194368191879406e-05
6.164402103424072266e+01 9.088203917465007063e-05
6.289636111259460449e+01 8.429963098039939997e-05
6.415847015380859375e+01 7.862060102984610728e-05
6.542780303955078125e+01 7.360336146602290512e-05
6.668053197860717773e+01 6.910611813247732329e-05
6.793034601211547852e+01 6.503403171164596488e-05
6.920064616203308105e+01 6.131885512471631488e-05
7.044146013259887695e+01 5.790914399769099964e-05
7.169632411003112793e+01 5.476481039790337830e-05
7.294792294502258301e+01 5.185379958289858948e-05
7.420413112640380859e+01 4.914993523117538722e-05
7.545184302330017090e+01 4.663146129793745831e-05
7.671514797210693359e+01 4.428002287643297610e-05
7.797958302497863770e+01 4.207993515832095341e-05
7.922598099708557129e+01 4.001764748190896981e-05
8.045798611640930176e+01 3.808134278044710350e-05
8.172891807556152344e+01 3.626063290563433618e-05
8.300172710418701172e+01 3.454632304560304210e-05
8.424609303474426270e+01 3.293022668532767931e-05
8.550448703765869141e+01 3.140501802451178256e-05
8.675166511535644531e+01 2.996411257749642755e-05
8.800629401206970215e+01 2.860156917684967049e-05
8.926356697082519531e+01 2.731200853523083652e-05
9.053330397605895996e+01 2.609054472903634561e-05
9.178349614143371582e+01 2.493272700021038590e-05
9.340262317657470703e+01 2.383448981832092590e-05
9.467952394485473633e+01 2.279210979947681384e-05
9.594380807876586914e+01 2.180216825370148067e-05
9.719040012359619141e+01 2.086151853428802654e-05
9.845375895500183105e+01 1.996725746476592795e-05
9.970589303970336914e+01 1.911670027876557953e-05
1.009459891319274902e+02 1.830735862715286594e-05
1.022108280658721924e+02 1.753692123213579178e-05
1.034525430202484131e+02 1.680323687784339171e-05
1.046941089630126953e+02 1.610429945598864198e-05
1.059459719657897949e+02 1.543823477007973669e-05
1.072016830444335938e+02 1.480328892971662902e-05
1.084471161365509033e+02 1.419781808200256141e-05
1.097054200172424316e+02 1.362027934919498212e-05
1.109530830383300781e+02 1.306922280322886743e-05
1.121898550987243652e+02 1.254328431435700353e-05
1.134272439479827881e+02 1.204117918729861893e-05
1.146846940517425537e+02 1.156169648055946921e-05
1.159541850090026855e+02 1.110369388972239232e-05
1.172099721431732178e+02 1.066609313116723311e-05
1.184440250396728516e+02 1.024787577120300760e-05
1.196908221244812012e+02 9.848079420481282517e-06
