1.303193092346191406e+00 3.458753205594924225e+02
2.549298048019409180e+00 1.350106392282739023e+02
3.817715167999267578e+00 2.831708085142999876e-01
5.067217111587524414e+00 5.037516343544620051e-02
6.324669122695922852e+00 2.158627290048590816e-02
7.573525190353393555e+00 1.013331556353283362e-02
8.836076021194458008e+00 5.183253957943472455e-03
1.009194207191467285e+01 2.993494650655539185e-03
1.133372211456298828e+01 1.967660765818473288e-03
1.259055805206298828e+01 2.108788967729843117e-02
1.384200406074523926e+01 9.578228332827345981e-02
1.509785604476928711e+01 5.645015023544568827e-02
1.634802007675170898e+01 1.248748446431186855e-02
1.760951614379882812e+01 2.732719325403545462e-03
1.886902999877929688e+01 1.230591720480604711e-03
2.012154316902160645e+01 8.691448782483244054e-04
2.136972212791442871e+01 7.396001120947983754e-04
2.262622904777526855e+01 5.340880212146454373e-04
2.386908698081970215e+01 3.758589379611609622e-04
2.510848903656005859e+01 3.018640360382527266e-04
2.638305711746215820e+01 2.545672204215668807e-04
2.763195514678955078e+01 2.313081966808230242e-04
2.888004612922668457e+01 1.997601654697534303e-04
3.012799501419067383e+01 1.763434203062901268e-04
3.137828898429870605e+01 1.584634019059958060e-04
3.262666201591491699e+01 1.438142783811145763e-04
3.390268397331237793e+01 1.326795230060770264e-04
3.519264411926269531e+01 1.218056885739864613e-04
3.644919800758361816e+01 1.102106781278301380e-04
3.769804000854492188e+01 1.040721390153591359e-04
3.894729900360107422e+01 9.516347456637344561e-05
4.053661513328552246e+01 8.840024434451535873e-05
4.178621697425842285e+01 1.005320308258275599e-04
4.302839112281799316e+01 9.356541855859495862e-05
4.427008914947509766e+01 7.712764731569595421e-05
4.551887416839599609e+01 7.170220583761230751e-05
4.676145315170288086e+01 6.747295096146043651e-05
4.802059698104858398e+01 6.373196369032331846e-05
4.926990199089050293e+01 6.033489737884098367e-05
5.053151106834411621e+01 6.957737219417326944e-05
5.182089519500732422e+01 6.038575938803728731e-05
5.306292700767517090e+01 6.057613292906880494e-05
5.431988501548767090e+01 5.347016316541807450e-05
5.557951998710632324e+01 4.899653696012008840e-05
5.685469698905944824e+01 5.226163928665946421e-05
5.811001801490783691e+01 5.007386838420457094e-05
5.935514402389526367e+01 4.626743003654426643e-05
6.059903001785278320e+01 4.544763785574969174e-05
6.185079813003540039e+01 4.593335961738392875e-05
6.309573411941528320e+01 4.431306068798305495e-05
6.434826707839965820e+01 4.147824624264102883e-05
6.561621904373168945e+01 3.918747239995858377e-05
6.686128616333007812e+01 3.715428835297124468e-05
6.811732816696166992e+01 3.536623118387304324e-05
6.941576099395751953e+01 3.412195893228877990e-05
7.066745519638061523e+01 2.827311465895541420e-05
7.192126703262329102e+01 3.088152779562424718e-05
7.317714715003967285e+01 2.534595944769029463e-05
7.442252802848815918e+01 2.830745574010890513e-05
7.567644810676574707e+01 2.725056053992220260e-05
7.695025897026062012e+01 2.598361530337000755e-05
7.870703005790710449e+01 2.470000804036339258e-05
8.008606505393981934e+01 2.354303853961347450e-05
8.156158804893493652e+01 2.251128374166524966e-05
8.288822603225708008e+01 2.150260030782260464e-05
8.426185107231140137e+01 2.050601579180792803e-05
8.551086807250976562e+01 1.961762512003375900e-05
8.675570607185363770e+01 1.867650035506457986e-05
8.800247716903686523e+01 1.784843539274749612e-05
8.924298501014709473e+01 1.713270883648088322e-05
9.047702503204345703e+01 1.635994395128614862e-05
9.171741199493408203e+01 1.566355324899465392e-05
9.294554400444030762e+01 1.500427002719889125e-05
9.417907905578613281e+01 1.437825291509011798e-05
9.543236017227172852e+01 1.378320335633616484e-05
9.667721104621887207e+01 1.337679365027727118e-05
9.793362903594970703e+01 1.277289540807503145e-05
9.918169307708740234e+01 1.224764552899549182e-05
1.004402320384979248e+02 1.175433978687334556e-05
1.016719431877136230e+02 1.153635644083736211e-05
1.029092919826507568e+02 1.087696243024481421e-05
1.041505570411682129e+02 1.048177043039506024e-05
1.053778080940246582e+02 1.002180586267096762e-05
1.066096370220184326e+02 9.678335761918136033e-06
