1.236194133758544922e+00 4.490135177786833651e+02
2.463150978088378906e+00 7.164444931326821120e+01
3.703143119812011719e+00 2.276558836715082412e-01
4.917762994766235352e+00 6.190957398418385493e-02
6.135600090026855469e+00 3.038104696305385724e-02
7.355473041534423828e+00 9.351642819738810106e-03
8.572082042694091797e+00 4.632744604348410997e-03
9.788114070892333984e+00 2.701062306784397533e-03
1.101955008506774902e+01 2.193591767262627942e-03
1.223789501190185547e+01 1.655491414899065879e-03
1.347946500778198242e+01 1.904333574372030647e-03
1.481505393981933594e+01 9.163543276877251283e-04
1.623687505722045898e+01 5.386193409850365942e-04
1.756832408905029297e+01 4.411242061640278391e-04
1.891070508956909180e+01 3.767592306019550141e-04
2.052190494537353516e+01 3.466431269015549598e-04
2.181364703178405762e+01 3.257714941776132002e-04
2.310054397583007812e+01 6.914560178963064137e-04
2.438590598106384277e+01 4.043321406737894344e-04
2.567794609069824219e+01 5.478786543111040111e-04
2.698223304748535156e+01 2.993846018026488165e-04
2.825699806213378906e+01 2.777188985806581102e-04
2.954125714302062988e+01 5.697667819947930092e-04
3.081404995918273926e+01 2.852756085602971888e-04
3.210824203491210938e+01 3.934240192255613645e-03
3.339648604393005371e+01 1.446970295172802764e-03
3.469484400749206543e+01 4.455966877804552902e-04
3.596219801902770996e+01 2.056509632860488662e-04
3.723257303237915039e+01 1.137904380146741932e-04
3.852996897697448730e+01 1.038326417179233655e-04
3.980694794654846191e+01 9.901614032187018718e-05
4.109091806411743164e+01 8.738263225495144875e-05
4.237341904640197754e+01 9.405893640062564550e-05
4.366286206245422363e+01 7.876106669421602746e-05
4.496018695831298828e+01 7.091283531436214191e-05
4.623804807662963867e+01 8.157392901198900028e-05
4.752293610572814941e+01 6.228379454623745150e-05
4.882415294647216797e+01 1.003545625595497878e-04
5.012159013748168945e+01 2.495506866499316509e-04
5.141654706001281738e+01 1.614971719909038888e-04
5.269019794464111328e+01 7.700600133350294339e-05
5.398108410835266113e+01 6.489252738994431228e-05
5.527676510810852051e+01 5.663447600308108807e-05
5.660833215713500977e+01 4.646705786396297769e-05
5.821153807640075684e+01 4.944350604809286879e-05
5.968647408485412598e+01 4.285868864153843504e-05
6.129993009567260742e+01 4.597459789101946006e-05
6.269892811775207520e+01 3.904986146826247334e-05
6.399273896217346191e+01 4.193177471684928176e-05
6.536124205589294434e+01 3.657911696245526800e-05
6.693106412887573242e+01 3.446760449020749015e-05
6.843828392028808594e+01 3.369649612783960028e-05
6.987537002563476562e+01 3.401725365321529024e-05
7.133768296241760254e+01 3.208396869681353676e-05
7.269106292724609375e+01 3.102231131149577634e-05
7.402410697937011719e+01 2.982967717256982429e-05
7.529448294639587402e+01 2.814546185960698884e-05
7.654432606697082520e+01 2.720678484113799912e-05
7.780038213729858398e+01 2.760557231264415581e-05
7.905075597763061523e+01 2.550226958088605401e-05
8.030681800842285156e+01 2.458076574707538650e-05
8.157145214080810547e+01 2.648932629671261083e-05
8.281801295280456543e+01 2.489240671103536213e-05
8.405903601646423340e+01 2.930300127594275797e-05
8.530408215522766113e+01 2.210948276191067929e-05
8.654352402687072754e+01 2.338739210289862344e-05
8.779306006431579590e+01 2.196001122110788803e-05
8.903959298133850098e+01 2.042761245423242283e-05
9.028107500076293945e+01 1.946848724492127700e-05
9.152142214775085449e+01 1.879906746541166581e-05
9.277697110176086426e+01 1.806871125291446191e-05
9.402691602706909180e+01 1.692058804667090461e-05
9.530584192276000977e+01 1.674585690456372795e-05
9.658387708663940430e+01 1.602517880478016910e-05
9.790410113334655762e+01 1.539583908909724348e-05
9.918760108947753906e+01 1.481142977732928416e-05
1.008483159542083740e+02 1.460033820633743473e-05
1.021524901390075684e+02 1.392666821952131661e-05
1.037906651496887207e+02 1.366697266827058058e-05
1.051486201286315918e+02 1.305551976347956336e-05
1.064697761535644531e+02 2.138788457353123161e-05
1.077579259872436523e+02 1.411532927480060482e-04
1.095680480003356934e+02 1.717392226950534143e-04
1.115858831405639648e+02 8.260560679014353495e-05
1.130184090137481689e+02 1.343834018516297011e-05
1.149689681529998779e+02 1.110076753020573354e-05
1.163104951381683350e+02 1.073726962320625603e-05
1.177780539989471436e+02 1.069357474842838254e-05
1.190819211006164551e+02 1.079810922390782207e-05
1.206793930530548096e+02 1.072557140595359794e-05
1.219831521511077881e+02 1.015133373489834566e-05
1.233233599662780762e+02 1.050981888351431051e-05
1.246509499549865723e+02 1.034446036886702212e-05
1.260282869338989258e+02 9.153128959234675766e-06
