1.256494998931884766e+00 4.431098695399685425e+02
2.481385946273803711e+00 8.836402899656168586e+01
3.737128019332885742e+00 2.811504903128619337e-01
4.963605165481567383e+00 4.810244066613849484e-02
6.205353975296020508e+00 4.421556522692843272e-02
7.439036130905151367e+00 1.495391207030287266e-02
8.667145013809204102e+00 5.945465393727420930e-03
9.894236087799072266e+00 2.778597530586977837e-03
1.112254595756530762e+01 1.388440033331227869e-03
1.234965515136718750e+01 1.013527427034720046e-03
1.359454607963562012e+01 7.784706151089848709e-04
1.485573196411132812e+01 6.742444290762423685e-04
1.608863496780395508e+01 6.470157099018296202e-04
1.732952404022216797e+01 3.915245847468994209e-04
1.856387615203857422e+01 8.388947414119410318e-04
1.980574011802673340e+01 4.402760758517073182e-04
2.103689908981323242e+01 2.608826741334132498e-04
2.228048706054687500e+01 5.193342259635742256e-04
2.351538610458374023e+01 3.027994619974275908e-04
2.473264217376708984e+01 2.089291971447775043e-04
2.595728516578674316e+01 3.853942178757364446e-04
2.719009900093078613e+01 2.311233432251249057e-04
2.841058301925659180e+01 3.106211681553804819e-04
2.964785599708557129e+01 1.956182256563222647e-04
3.087751698493957520e+01 1.426519630406380263e-04
3.209054803848266602e+01 2.530583961778341525e-04
3.331292295455932617e+01 2.616938414511350776e-04
3.453122615814208984e+01 2.308072628894247214e-04
3.575110697746276855e+01 1.491255019385121091e-04
3.696313309669494629e+01 1.937456612101107211e-04
3.819598317146301270e+01 1.473406589036090379e-04
3.973858809471130371e+01 1.762172301386402109e-04
4.095520114898681641e+01 1.259395880542440679e-04
4.217041397094726562e+01 1.055117283298381852e-04
4.339321112632751465e+01 8.167225067427991755e-05
4.460940408706665039e+01 7.780750477510488901e-05
4.583007311820983887e+01 1.042661891582851125e-04
4.705645799636840820e+01 7.733141619355998471e-05
4.829432106018066406e+01 6.494395684396054181e-05
4.951297998428344727e+01 5.787680814890682997e-05
5.072691702842712402e+01 4.831025483523484023e-05
5.198168897628784180e+01 4.518782154615709202e-05
5.320448017120361328e+01 4.326819615730877287e-05
5.443584799766540527e+01 4.656447645422151163e-05
5.565594100952148438e+01 4.175154831779888062e-05
5.688317108154296875e+01 3.871404931505503946e-05
5.810200214385986328e+01 3.686381830988411053e-05
5.932286906242370605e+01 3.485791577404278815e-05
6.056114101409912109e+01 3.345805898575483561e-05
6.178378415107727051e+01 3.177002643519352774e-05
6.301353812217712402e+01 3.076509634907396355e-05
6.425232315063476562e+01 2.959562621118407331e-05
6.548726010322570801e+01 2.865713347916634587e-05
6.671939015388488770e+01 2.754746465339932658e-05
6.794636607170104980e+01 2.683944084350533486e-05
6.916989612579345703e+01 2.617066059896236793e-05
7.038542413711547852e+01 2.561898540073713406e-05
7.161616706848144531e+01 2.479142778027507385e-05
7.283454799652099609e+01 2.677998715842564638e-05
7.404990816116333008e+01 2.487884510718722136e-05
7.528107810020446777e+01 3.099420827285780382e-05
7.649938201904296875e+01 2.389463537980921336e-05
7.771688413619995117e+01 2.124697867938012073e-05
7.893843507766723633e+01 2.037667620642230390e-05
8.015258717536926270e+01 1.946647376786735423e-05
8.137668108940124512e+01 1.926883216946770298e-05
8.259901499748229980e+01 1.804621553990332829e-05
8.381385397911071777e+01 1.797202413064200705e-05
8.502613806724548340e+01 1.663509136907971735e-05
8.625946497917175293e+01 1.643182430549810231e-05
8.747853612899780273e+01 1.543007658737198951e-05
8.869437909126281738e+01 1.491958709350191862e-05
8.991611409187316895e+01 1.444127394273002619e-05
9.114239716529846191e+01 1.395110240869182473e-05
9.238770103454589844e+01 1.345947166942175558e-05
9.360097408294677734e+01 1.307877854019073119e-05
9.481794905662536621e+01 1.275280524263379692e-05
9.603234004974365234e+01 1.236491678825614477e-05
9.725708198547363281e+01 1.216252407996368952e-05
9.847819900512695312e+01 1.151615069995085457e-05
9.969294309616088867e+01 1.168343177181206655e-05
1.009102451801300049e+02 1.134638240293199355e-05
1.021254630088806152e+02 1.059068128021772299e-05
1.033382821083068848e+02 1.057076708395034026e-05
1.045555641651153564e+02 1.020645372303705386e-05
1.057802381515502930e+02 9.818967433451201166e-06
