1.282537937164306641e+00 2.794474723249859949e+02
2.535454988479614258e+00 5.819290911280702261e+01
3.773672103881835938e+00 2.458824120403092506e-01
5.027347087860107422e+00 7.092925419515364038e-02
6.282438039779663086e+00 7.902384149158077353e-02
7.538818120956420898e+00 3.329347732172131813e-02
8.769279003143310547e+00 1.521679361868196086e-02
1.002731108665466309e+01 7.341225297846545872e-03
1.138632607460021973e+01 4.181714041955805587e-03
1.274348306655883789e+01 1.386385606243970003e-02
1.411472797393798828e+01 7.557969747976831833e-03
1.539281296730041504e+01 2.715863816501947435e-03
1.665508294105529785e+01 1.468821102552172629e-03
1.822010803222656250e+01 9.071711568128564473e-04
1.954931902885437012e+01 8.019794869119391267e-04
2.082697391510009766e+01 1.041009046865321377e-03
2.238171005249023438e+01 7.676600741131681636e-04
2.379351592063903809e+01 1.602007439048179233e-03
2.534218406677246094e+01 8.763476772843900066e-04
2.663739490509033203e+01 3.216597484259248771e-04
2.838429713249206543e+01 2.320718931654114576e-04
2.979851603507995605e+01 1.851045419615216490e-04
3.116701793670654297e+01 1.748546457213965492e-04
3.261372590065002441e+01 1.629921370519900239e-04
3.394557595252990723e+01 1.314057139547609456e-04
3.531989908218383789e+01 1.159995491610756074e-04
3.661275911331176758e+01 1.048430743795180194e-04
3.790541911125183105e+01 9.631948646581120716e-05
3.921142697334289551e+01 9.219586079383960335e-05
4.057020902633666992e+01 8.742861993348736104e-05
4.187506294250488281e+01 7.795971479764230360e-05
4.325871205329895020e+01 7.750137236070291558e-05
4.457468008995056152e+01 7.951305843713706955e-05
4.593984198570251465e+01 5.972839393135741812e-05
4.772786092758178711e+01 6.020712854601009402e-05
4.906981706619262695e+01 5.811576186188882446e-05
5.035628199577331543e+01 4.862230368276174088e-05
5.163600111007690430e+01 4.542213571281054359e-05
5.294035792350769043e+01 4.269403742688557366e-05
5.424102210998535156e+01 4.042955342179473490e-05
5.552468609809875488e+01 3.853691875032149973e-05
5.679470705986022949e+01 3.684994907867504430e-05
5.808670091629028320e+01 3.677882944068530999e-05
5.938340902328491211e+01 3.599222427565511220e-05
6.075140190124511719e+01 3.336957962829427367e-05
6.206321310997009277e+01 3.145259649853938126e-05
6.334220910072326660e+01 3.259537920955793547e-05
6.469421696662902832e+01 2.962293183986110782e-05
6.603229498863220215e+01 2.983110735483016082e-05
6.730327391624450684e+01 3.004818092379996680e-05
6.860379505157470703e+01 2.718704119162596575e-05
6.990473508834838867e+01 2.585691319695597213e-05
7.119955992698669434e+01 2.569597577699204448e-05
7.249703407287597656e+01 2.422237589032459992e-05
7.376617503166198730e+01 2.271397091133228315e-05
7.506804108619689941e+01 2.213204029723153559e-05
7.637098002433776855e+01 2.300025191829371048e-05
7.764879512786865234e+01 2.090672011683833117e-05
7.891254496574401855e+01 2.103544962572019499e-05
8.015116810798645020e+01 1.904564428835075037e-05
8.140493893623352051e+01 2.010683215664020666e-05
8.274392104148864746e+01 1.814953596990355543e-05
8.401785397529602051e+01 1.741667109396305497e-05
8.526085305213928223e+01 1.742574778251517283e-05
8.651423096656799316e+01 1.721006769821871419e-05
8.775022411346435547e+01 1.646876197416141918e-05
8.900768494606018066e+01 1.570817140865115092e-05
9.025218796730041504e+01 1.514809149897463776e-05
9.152426409721374512e+01 1.465581689118262698e-05
9.289288496971130371e+01 1.421748178398380455e-05
9.417375206947326660e+01 1.376068232961821036e-05
9.544531106948852539e+01 1.396989730724837752e-05
9.672612690925598145e+01 1.306828257359577257e-05
9.799961209297180176e+01 1.303518056156811965e-05
9.926957511901855469e+01 1.227308154295159792e-05
1.005526690483093262e+02 1.187787580692268478e-05
1.018227229118347168e+02 1.153681306531763617e-05
1.031990060806274414e+02 1.118993194388292231e-05
1.045761439800262451e+02 1.086504374770622275e-05
1.059252710342407227e+02 1.097750221475466667e-05
1.073025019168853760e+02 1.052530270525660759e-05
1.086708359718322754e+02 9.997134709009175042e-06
