1.311877012252807617e+00 2.755112834898096708e+02
2.593462944030761719e+00 4.424337660334025202e+01
4.038932085037231445e+00 2.238292197954558360e-01
5.411885023117065430e+00 5.656223111694525657e-02
6.687674045562744141e+00 4.430926846569013811e-02
7.961050987243652344e+00 1.654924308157316309e-02
9.373667955398559570e+00 8.128860263715790430e-03
1.066060686111450195e+01 3.510194745048096036e-03
1.209617400169372559e+01 2.196421241997199673e-03
1.341055297851562500e+01 1.723096785974805555e-03
1.468624186515808105e+01 1.993055846948757742e-03
1.599497509002685547e+01 3.036804943721329100e-03
1.728299093246459961e+01 1.860109273164991693e-03
1.858136701583862305e+01 1.215221557328700387e-03
1.989411401748657227e+01 9.646986516351637418e-04
2.123971986770629883e+01 6.800277931701435375e-04
2.254301190376281738e+01 4.633437727257014717e-04
2.383020305633544922e+01 3.809343678443456770e-04
2.510847997665405273e+01 3.466245590758691708e-04
2.649093508720397949e+01 2.729130182209437501e-04
2.798028802871704102e+01 2.376322676100089861e-04
2.929490494728088379e+01 4.676905170775343167e-04
3.085556697845458984e+01 2.875956267197665511e-04
3.227803897857666016e+01 1.524680034750521733e-04
3.372427701950073242e+01 1.239487629997649046e-04
3.520804905891418457e+01 1.124832757220617732e-04
3.649621295928955078e+01 2.019888335202698183e-04
3.801352906227111816e+01 1.717499532772564608e-04
3.935685300827026367e+01 1.256088826186794040e-04
4.063457608222961426e+01 1.051841372267844888e-04
4.191843605041503906e+01 9.573258849309320263e-05
4.319938802719116211e+01 8.055722517789769852e-05
4.448631095886230469e+01 9.690813312509497391e-05
4.576051402091979980e+01 8.291806828522830998e-05
4.744735598564147949e+01 7.587881086583078694e-05
4.871654891967773438e+01 1.470098179950897152e-04
5.000298905372619629e+01 5.449537749645789846e-04
5.127536988258361816e+01 3.344596191815496782e-04
5.263414692878723145e+01 1.946281877617376025e-04
5.412903404235839844e+01 1.061106119218348167e-04
5.540222406387329102e+01 1.010397265736497757e-04
5.681314492225646973e+01 8.810768167240312383e-05
5.809370994567871094e+01 6.720689704609614321e-05
5.932342505455017090e+01 7.210423566945427438e-05
6.055445003509521484e+01 7.295431776537292701e-05
6.182974791526794434e+01 4.883782338088146134e-05
6.310880208015441895e+01 4.394095649802959395e-05
6.438349008560180664e+01 4.721885952623318844e-05
6.562907695770263672e+01 4.285676245450901827e-05
6.687923002243041992e+01 3.905130639831914729e-05
6.814912390708923340e+01 4.708374012621358826e-05
6.942691993713378906e+01 3.997776405969699512e-05
7.071013188362121582e+01 3.526688162829601356e-05
7.198503589630126953e+01 4.110690925683590288e-05
7.326358985900878906e+01 3.604271079088330974e-05
7.454960298538208008e+01 3.295407834009054859e-05
7.582085704803466797e+01 3.188615782913507547e-05
7.709304499626159668e+01 3.100081025508359640e-05
7.835919404029846191e+01 2.927086992438864766e-05
7.963761305809020996e+01 2.989402597324548506e-05
8.091706109046936035e+01 2.728818078820659988e-05
8.219877195358276367e+01 2.579817307493172197e-05
8.352156996726989746e+01 2.527210988813933704e-05
8.506549787521362305e+01 2.395318841484901941e-05
8.644734001159667969e+01 2.427342394624168456e-05
8.773325896263122559e+01 2.328074734707633508e-05
8.905886006355285645e+01 2.246949701761930587e-05
9.048543286323547363e+01 2.209768059992876636e-05
9.177818894386291504e+01 2.130920018860585756e-05
9.306656289100646973e+01 2.053006394733672603e-05
9.434354090690612793e+01 1.999067744680632752e-05
9.562529802322387695e+01 1.923724789482926273e-05
9.690440392494201660e+01 1.902387206179447144e-05
9.824312901496887207e+01 2.032025871023514525e-05
9.953966903686523438e+01 1.908897607631532807e-05
1.008233349323272705e+02 1.824388459306762060e-05
1.021030459403991699e+02 1.753614524753493946e-05
1.033623020648956299e+02 1.692179767380509365e-05
1.046407918930053711e+02 1.634927016346671068e-05
1.059086530208587646e+02 1.581458462197331049e-05
1.072043509483337402e+02 1.696666663849751328e-05
1.085224809646606445e+02 1.734360109238806941e-05
1.102135989665985107e+02 1.535044831930981423e-05
1.116787049770355225e+02 1.501787419408577820e-05
1.130594699382781982e+02 1.398750745508075692e-05
1.143574678897857666e+02 1.361897652020306251e-05
1.157539439201354980e+02 1.315596421084652673e-05
1.170670878887176514e+02 1.270384030566415453e-05
1.185778679847717285e+02 1.244819130611538887e-05
1.200114228725433350e+02 1.198332463486459565e-05
1.216403088569641113e+02 1.175607358164272412e-05
1.230902149677276611e+02 1.172978087707890779e-05
1.243916499614715576e+02 1.101102820534601618e-05
1.257423119544982910e+02 1.091662492453304207e-05
1.270603969097137451e+02 1.046734219344459720e-05
1.284913680553436279e+02 1.034402010116504220e-05
1.298850049972534180e+02 1.002316742171718650e-05
1.312627148628234863e+02 1.000249461673866472e-05
1.326737160682678223e+02 9.804348559674251729e-06
