1.434524059295654297e+00 1.838360531928355499e+02
2.836188077926635742e+00 1.457731806659098339e+01
4.241425991058349609e+00 1.798122622008020699e-01
5.660124063491821289e+00 4.860488891048558163e-02
7.050205945968627930e+00 2.466105109016160021e-02
8.450074911117553711e+00 1.271632464626400866e-02
9.854832887649536133e+00 1.762644754108467007e-02
1.123372292518615723e+01 1.875950903730268238e-02
1.264419889450073242e+01 1.008575789735790922e-02
1.405867409706115723e+01 1.838892516598180510e-02
1.545717906951904297e+01 3.814873907251435312e-03
1.685436201095581055e+01 2.340756639121737131e-03
1.823744106292724609e+01 1.468162106321090890e-03
1.964926409721374512e+01 1.549165204466330503e-03
2.104746890068054199e+01 8.554310132140180174e-04
2.243998003005981445e+01 6.754456055672452153e-04
2.383785700798034668e+01 5.664303212547572080e-04
2.522301292419433594e+01 4.815111395487862143e-04
2.661765098571777344e+01 4.795621044247443511e-04
2.800972294807434082e+01 3.970114410476852009e-04
2.942187690734863281e+01 4.348144645190361933e-04
3.083085298538208008e+01 3.034399481046516655e-04
3.222732186317443848e+01 2.953014948077184909e-04
3.363536596298217773e+01 3.043561592450209625e-04
3.502006292343139648e+01 2.400886557855310311e-04
3.643272805213928223e+01 2.026416578956815229e-04
3.784152698516845703e+01 1.890518199203292528e-04
3.922868490219116211e+01 1.714705776829273287e-04
4.061649703979492188e+01 1.583829877146796742e-04
4.199903106689453125e+01 1.522358874500544647e-04
4.340860891342163086e+01 1.336719255620274127e-04
4.480132889747619629e+01 1.312222657993738421e-04
4.622168087959289551e+01 1.213572481399848209e-04
4.763135194778442383e+01 1.096871311928309539e-04
4.904260993003845215e+01 1.005795609519924985e-04
5.043585300445556641e+01 9.288511378403423993e-05
5.182861208915710449e+01 8.693993052389878146e-05
5.321846890449523926e+01 8.194037626540626119e-05
5.461663293838500977e+01 8.238204228574779115e-05
5.602710795402526855e+01 7.562192082955887084e-05
5.740977096557617188e+01 7.430908929385190401e-05
5.884872388839721680e+01 7.471345872563710743e-05
6.023288202285766602e+01 7.027695851315341336e-05
6.164164209365844727e+01 7.066509564836309242e-05
6.302389788627624512e+01 6.237499650586882571e-05
6.443481087684631348e+01 6.810292187467697090e-05
6.583815193176269531e+01 6.824898528616298878e-05
6.723709487915039062e+01 5.852701286728434970e-05
6.862321805953979492e+01 5.608765872558473323e-05
7.001997089385986328e+01 4.956317115342094397e-05
7.140596389770507812e+01 4.382977728868410429e-05
7.279933094978332520e+01 4.667898791706467172e-05
7.418019986152648926e+01 4.628031874709131359e-05
7.557677197456359863e+01 4.296042299343840755e-05
7.696568799018859863e+01 4.039254614753707537e-05
7.836024594306945801e+01 4.063879018311863044e-05
7.974013304710388184e+01 3.655813739300644113e-05
8.112671089172363281e+01 3.361482563435379977e-05
8.253028297424316406e+01 3.175370066287876939e-05
8.394159603118896484e+01 3.423391145783421109e-05
8.532690501213073730e+01 3.532925074987670010e-05
8.673350286483764648e+01 2.841738628491055177e-05
8.811749601364135742e+01 2.666503911513744569e-05
8.950909996032714844e+01 2.529444392948805448e-05
9.090224289894104004e+01 2.428318101390049800e-05
9.229114699363708496e+01 2.345791042592092421e-05
9.368634891510009766e+01 3.566749607868484036e-05
9.508082509040832520e+01 2.248370716130721506e-05
9.647812008857727051e+01 5.953804407473087620e-05
9.786642909049987793e+01 4.294815062108383870e-05
9.926875901222229004e+01 3.623045561249088793e-05
1.006631040573120117e+02 2.379844978778817617e-05
1.020455279350280762e+02 1.695377756308856092e-05
1.034451379776000977e+02 1.770948200281082245e-05
1.048425130844116211e+02 1.820061818225513306e-05
1.062397060394287109e+02 1.646406803388977765e-05
1.076234250068664551e+02 1.707512961166724613e-05
1.090236709117889404e+02 1.319394221647547246e-05
1.104033610820770264e+02 1.257450191815672230e-05
1.118216590881347656e+02 1.202088110281776523e-05
1.132248890399932861e+02 1.148291272128135605e-05
1.146160800457000732e+02 1.101087034336250596e-05
1.160084638595581055e+02 1.056516076189486102e-05
1.174192500114440918e+02 1.030652335830757772e-05
1.188187079429626465e+02 9.851103225913041120e-06
