1.379793882369995117e+00 2.224466719707965865e+02
2.744434833526611328e+00 1.397007842376852871e+01
4.094913959503173828e+00 1.803185559357811940e-01
5.442613840103149414e+00 6.506044870909614974e-02
6.804538965225219727e+00 2.604915792431802823e-02
8.150359869003295898e+00 1.412322963386189456e-02
9.498961925506591797e+00 5.153937838346232814e-02
1.086463594436645508e+01 1.233210390679359836e-01
1.221060395240783691e+01 7.751576960811047690e-02
1.356296896934509277e+01 2.924095058613655415e-02
1.491271591186523438e+01 9.766250549663839375e-03
1.625610399246215820e+01 4.177170331397593410e-03
1.759751296043395996e+01 2.816327825574052243e-03
1.895382690429687500e+01 3.539262021047264676e-03
2.030357098579406738e+01 7.558679183959157374e-03
2.166178798675537109e+01 3.837813778016051572e-03
2.302558779716491699e+01 1.526491575880533410e-03
2.438495492935180664e+01 7.586976884418724287e-04
2.581685900688171387e+01 4.871567827627201839e-04
2.726707386970520020e+01 5.040036041724344591e-04
2.880487298965454102e+01 4.264551192160907843e-04
3.036343002319335938e+01 3.711274304658821908e-04
3.184126782417297363e+01 8.987217296468572600e-04
3.328918480873107910e+01 6.641779978562359615e-04
3.479979991912841797e+01 4.802324449015413135e-04
3.620802879333496094e+01 3.188251611804472554e-04
3.758248901367187500e+01 2.856604402445766058e-04
3.895232796669006348e+01 3.118093153396512781e-04
4.031650686264038086e+01 1.934238784897906994e-04
4.168149781227111816e+01 1.919886145358331968e-04
4.303840398788452148e+01 2.029198503746499553e-04
4.440022397041320801e+01 1.348113708755455597e-04
4.575260186195373535e+01 1.088415096773647493e-04
4.710608386993408203e+01 1.368654360321983423e-04
4.880093884468078613e+01 9.414234082377297965e-05
5.018318986892700195e+01 1.039746614963807202e-04
5.154720902442932129e+01 6.997965852159406821e-05
5.290200495719909668e+01 9.492305836825983651e-05
5.425767087936401367e+01 7.529562094047372489e-05
5.561821293830871582e+01 9.843703159940514643e-05
5.696959686279296875e+01 5.218535027524747079e-04
5.838674783706665039e+01 3.088922196830230847e-04
5.975802898406982422e+01 7.686180625665290712e-05
6.110695981979370117e+01 4.658818711986621416e-05
6.245533585548400879e+01 4.480939619792619625e-05
6.380290889739990234e+01 4.041931219132084349e-05
6.517649102210998535e+01 1.855168252310579035e-04
6.653864598274230957e+01 6.250386288367511050e-05
6.792299699783325195e+01 6.297916164305122000e-05
6.928095102310180664e+01 9.410853145740422229e-05
7.063670396804809570e+01 4.451530672871456074e-05
7.198765397071838379e+01 3.448262676846010290e-05
7.335996294021606445e+01 5.963318112152703388e-05
7.471561193466186523e+01 4.940633862873845421e-05
7.606707596778869629e+01 4.389749367412879472e-05
7.743531489372253418e+01 4.077591534552001769e-05
7.878499197959899902e+01 2.988061076779422175e-05
8.013409781455993652e+01 4.435108222755895920e-05
8.148050999641418457e+01 3.712740518595525509e-05
8.283493590354919434e+01 3.016369727495715972e-05
8.418058586120605469e+01 2.163201099731224485e-05
8.552251887321472168e+01 2.008677373886757342e-05
8.687326288223266602e+01 1.925144472985745227e-05
8.822698497772216797e+01 3.296518613510362105e-05
8.958414697647094727e+01 2.302540859776161007e-05
9.091221880912780762e+01 3.250403888166836480e-05
9.223701691627502441e+01 1.947924928684356609e-05
9.356654882431030273e+01 2.850099482609255532e-05
9.490124392509460449e+01 2.187888235132069334e-05
9.622909593582153320e+01 1.676810566760547687e-05
9.755651187896728516e+01 1.407144343857559773e-05
9.888313293457031250e+01 1.349943815754473039e-05
1.002148699760437012e+02 1.384134030161271856e-05
1.015461099147796631e+02 1.276365330654537328e-05
1.028703358173370361e+02 1.175819647811964728e-05
1.042105138301849365e+02 1.098123616966479488e-05
1.055503468513488770e+02 1.050985747436211808e-05
1.068824079036712646e+02 1.007284348402159608e-05
1.082107038497924805e+02 9.668010090676351133e-06
