1.458313941955566406e+00 2.467476178533325708e+02
2.866375923156738281e+00 1.519943419425629827e+01
4.272731065750122070e+00 2.145566080771398876e-01
5.720191955566406250e+00 1.733385845301676498e-01
7.080787897109985352e+00 8.269160039456224798e-02
8.434454917907714844e+00 3.258192653887871659e-02
9.812304019927978516e+00 1.864560180051870464e-02
1.152761197090148926e+01 1.401040801962177666e-02
1.321006989479064941e+01 6.727637083106027989e-03
1.469380092620849609e+01 3.728737564370900905e-03
1.619959592819213867e+01 2.463869436879296670e-03
1.762015104293823242e+01 1.739616998959178868e-03
1.898477697372436523e+01 1.822934557670849616e-03
2.034064888954162598e+01 1.264273350429942445e-03
2.170280289649963379e+01 1.738335544964478632e-03
2.305653095245361328e+01 1.134114280213623007e-03
2.440666794776916504e+01 6.636508886474484911e-04
2.576215505599975586e+01 4.868416626289454301e-04
2.710518002510070801e+01 3.249573904080581082e-04
2.844576501846313477e+01 2.689196191364243171e-04
2.978971886634826660e+01 2.146042642400695162e-04
3.115211892127990723e+01 2.563441158265768833e-04
3.250591397285461426e+01 2.007079659703861192e-04
3.384474992752075195e+01 1.300143638141359819e-04
3.519991087913513184e+01 1.105558332183796693e-04
3.655056691169738770e+01 1.342546217970733765e-04
3.791426396369934082e+01 1.083373978134718102e-04
3.925245904922485352e+01 9.722355242347643001e-05
4.060266304016113281e+01 9.171561401374924024e-05
4.195036196708679199e+01 8.021799994739137662e-05
4.330072498321533203e+01 7.290115270688588575e-05
4.465640497207641602e+01 1.552657484950568944e-04
4.602857899665832520e+01 1.181646061332824842e-04
4.737691497802734375e+01 8.441182776007203627e-05
4.906369304656982422e+01 2.111505273047991726e-04
5.042949199676513672e+01 1.096952018519594085e-04
5.176488184928894043e+01 2.896603938554431204e-04
5.307928800582885742e+01 2.946220619789537880e-04
5.439337396621704102e+01 7.958801121285483387e-05
5.570630502700805664e+01 4.807264921028336121e-05
5.703579688072204590e+01 7.201602726669000074e-05
5.835323905944824219e+01 7.463317918999654227e-05
5.967504000663757324e+01 4.295773361601424575e-05
6.099373006820678711e+01 4.010852510328077945e-05
6.232553195953369141e+01 4.036480537243062624e-05
6.363862800598144531e+01 3.478100072037772802e-05
6.498878192901611328e+01 3.289701376017537248e-05
6.632578587532043457e+01 3.126300320890796779e-05
6.764802002906799316e+01 3.135317350442727938e-05
6.896391391754150391e+01 5.202267541036251013e-05
7.027450585365295410e+01 1.368992176122673223e-04
7.162466883659362793e+01 1.191944006671411996e-04
7.294003200531005859e+01 6.945777666648726332e-05
7.427402687072753906e+01 4.807784229325104348e-05
7.561869406700134277e+01 3.646193012407601469e-05
7.696604895591735840e+01 6.560408227188051515e-05
7.830775785446166992e+01 4.143110881204582345e-05
7.963353896141052246e+01 6.355707702926809740e-05
8.096230792999267578e+01 6.293235203933996694e-05
8.228684997558593750e+01 6.487318047731690238e-05
8.360490894317626953e+01 4.622913777409589102e-05
8.491387701034545898e+01 4.788261220611823822e-05
8.623835992813110352e+01 3.765875459662282185e-05
8.757457590103149414e+01 2.851841160896001714e-05
8.890000605583190918e+01 2.622456950532389634e-05
9.021909594535827637e+01 2.063160148092278335e-05
9.154156994819641113e+01 1.799277649206683575e-05
9.288043403625488281e+01 1.643225601711007045e-05
9.421254587173461914e+01 1.630175976581456785e-05
9.555160498619079590e+01 1.539718902293402570e-05
9.689794588088989258e+01 1.466530464133438681e-05
9.821737599372863770e+01 1.419825775005887252e-05
9.955631303787231445e+01 1.364885460883535953e-05
1.008833320140838623e+02 1.353154228780199254e-05
1.022038710117340088e+02 1.301264641139733346e-05
1.035459070205688477e+02 1.246123096400588550e-05
1.048569738864898682e+02 1.205572980617649070e-05
1.061786899566650391e+02 1.168858337041091497e-05
1.074990768432617188e+02 1.131034299933076273e-05
1.088417439460754395e+02 1.104045004169555629e-05
1.101639120578765869e+02 1.069384847030981825e-05
1.115097160339355469e+02 1.048037514060985492e-05
1.128246428966522217e+02 1.010542433330665040e-05
1.141418449878692627e+02 9.888426171415949312e-06
