1.371627092361450195e+00 2.833786423715272917e+02
2.713382005691528320e+00 2.260079931974956224e+01
4.208376169204711914e+00 2.057525757501897368e-01
5.748193025588989258e+00 4.942410481947245859e-02
7.193102121353149414e+00 2.462148566298811431e-02
8.526108980178833008e+00 1.115925158475134134e-02
9.815103054046630859e+00 6.321562171108606638e-03
1.112522006034851074e+01 4.055439899153967520e-03
1.242277717590332031e+01 7.555151348476550101e-03
1.392086005210876465e+01 8.157454747797080949e-03
1.526450395584106445e+01 3.793031331290148186e-03
1.671040701866149902e+01 1.902811722530145435e-03
1.806527495384216309e+01 1.105793130204875191e-03
1.942850899696350098e+01 6.862388853263591375e-04
2.076211214065551758e+01 5.411418718394839364e-04
2.208985400199890137e+01 4.701416109426914940e-04
2.342140007019042969e+01 6.008866812525667485e-04
2.474588894844055176e+01 4.149427496243885630e-04
2.606736016273498535e+01 4.535654182943166766e-04
2.738853812217712402e+01 4.345354658580058709e-04
2.872789716720581055e+01 3.078259963723949783e-04
3.008025217056274414e+01 2.493905679251276573e-04
3.140452599525451660e+01 3.333500832000703125e-04
3.274499702453613281e+01 2.870107630606470359e-04
3.408912611007690430e+01 7.522729215861455147e-03
3.543800806999206543e+01 2.530195210837591149e-03
3.675312399864196777e+01 3.501633058019625977e-04
3.808522009849548340e+01 1.738083178027248780e-04
3.940410709381103516e+01 1.358221658334158352e-04
4.075135111808776855e+01 1.203782590963368250e-04
4.205971312522888184e+01 1.253296938088412766e-04
4.350303006172180176e+01 9.280078006571966639e-05
4.503986096382141113e+01 3.417994783838618190e-04
4.662650299072265625e+01 1.097452331576825304e-03
4.949954509735107422e+01 4.288571667227144006e-04
5.102777194976806641e+01 1.912027761549057981e-04
5.239955615997314453e+01 7.992786094874862240e-05
5.374455499649047852e+01 6.646921638540596183e-05
5.504828310012817383e+01 6.549062103378899488e-05
5.633796596527099609e+01 1.055402717137419018e-04
5.763610005378723145e+01 1.166465532305867699e-04
5.892197012901306152e+01 1.094093493830149057e-04
6.020331907272338867e+01 7.650017442865269038e-05
6.149086213111877441e+01 5.428218885505233735e-05
6.282621717453002930e+01 4.479040113805211318e-05
6.417519402503967285e+01 4.244776391959206212e-05
6.547533011436462402e+01 3.583661952607846232e-05
6.675999617576599121e+01 5.253663525799165678e-05
6.809335017204284668e+01 5.240040707955855189e-05
6.941321611404418945e+01 4.120827549056008154e-05
7.086699700355529785e+01 5.489325037862953635e-05
7.225676107406616211e+01 2.406886286308367268e-04
7.366885399818420410e+01 1.200872825060850442e-04
7.502561712265014648e+01 3.495820718302752904e-05
7.647012209892272949e+01 2.602405658516980126e-05
7.780631995201110840e+01 2.476507477167898196e-05
7.915371894836425781e+01 2.374826522723836214e-05
8.047262310981750488e+01 2.383890117997135270e-05
8.200174117088317871e+01 2.236635464946385132e-05
8.335769009590148926e+01 2.158344740326843830e-05
8.463476204872131348e+01 2.117497670844470704e-05
8.590008711814880371e+01 2.292470643394121710e-05
8.716955614089965820e+01 1.992102688736232952e-05
8.844415712356567383e+01 3.121735442938093451e-05
8.975859999656677246e+01 2.040488699838985425e-05
9.104947400093078613e+01 4.330433809326877855e-05
9.236139512062072754e+01 2.936078883963912789e-05
9.369920802116394043e+01 7.311360914319048137e-05
9.506723904609680176e+01 7.213985741351880074e-05
9.647651696205139160e+01 5.334562392773379707e-05
9.797602701187133789e+01 4.057365300184024914e-05
9.944141197204589844e+01 4.441375114067061471e-05
1.008082790374755859e+02 2.893957855233602897e-05
1.021466989517211914e+02 2.797871980138304739e-05
1.035322489738464355e+02 1.502911134460818860e-05
1.050001420974731445e+02 1.472073486252687650e-05
1.063969590663909912e+02 1.697001050448390837e-05
1.078104910850524902e+02 1.266574916977381085e-05
1.091050350666046143e+02 1.438435974598881341e-05
1.107679541110992432e+02 1.354947865654468804e-05
1.123535859584808350e+02 1.351224918541306578e-05
1.139283890724182129e+02 1.298156972801373530e-05
1.154476671218872070e+02 1.123920011603321290e-05
1.168612849712371826e+02 1.128124432985061490e-05
1.185457761287689209e+02 1.031039227864285199e-05
1.203126511573791504e+02 1.008580638309569612e-05
1.217419300079345703e+02 9.235432124610788447e-06
