1.476233959197998047e+00 2.045624062450841620e+02
2.932101011276245117e+00 1.124703023249826650e+01
4.371549129486083984e+00 2.014674381789513524e-01
5.819404125213623047e+00 1.155624268416729356e-01
7.273823976516723633e+00 7.416766554279728696e-02
8.717479944229125977e+00 1.601856770732087293e-02
1.014906811714172363e+01 8.270242345073435669e-03
1.161664700508117676e+01 4.186770157301862756e-03
1.309302902221679688e+01 2.827357525996593030e-03
1.453452205657958984e+01 2.157788628497833965e-03
1.596433711051940918e+01 1.557853313957817095e-03
1.742135310173034668e+01 1.221286884718602228e-03
1.887025904655456543e+01 8.128262830083412627e-04
2.031210613250732422e+01 5.525977777635090278e-04
2.174488210678100586e+01 7.035822800677621813e-04
2.320692300796508789e+01 6.249628967308475200e-04
2.464027309417724609e+01 9.916705050962075323e-04
2.607185292243957520e+01 1.446997818541905694e-03
2.751348114013671875e+01 1.422910662581719846e-03
2.894367694854736328e+01 7.849873498157790026e-04
3.040371298789978027e+01 8.112517827618748786e-04
3.183798813819885254e+01 6.379858194029641933e-04
3.328635406494140625e+01 4.653152826623760353e-04
3.475663900375366211e+01 3.764924550511224610e-04
3.619764709472656250e+01 3.260141967351543307e-04
3.764593911170959473e+01 2.766955433371099293e-04
3.908469295501708984e+01 2.411980954267782995e-04
4.054450392723083496e+01 3.568507603284159450e-03
4.209459304809570312e+01 1.571603532014663853e-03
4.392771196365356445e+01 4.558178396661832256e-04
4.539882397651672363e+01 8.177192322315322446e-04
4.696865105628967285e+01 2.127002351472900333e-04
4.845548605918884277e+01 1.420354554338456568e-04
4.995884704589843750e+01 1.095119089900886596e-04
5.180285692214965820e+01 1.097947082047560826e-04
5.339948105812072754e+01 9.574652396757912397e-05
5.501664400100708008e+01 8.599669620452027102e-05
5.648905396461486816e+01 8.111878489242066177e-05
5.798949599266052246e+01 8.104801282944498579e-05
5.993371295928955078e+01 9.215569373888983528e-05
6.141641211509704590e+01 7.233818781126804068e-05
6.293820595741271973e+01 6.410395944788919889e-05
6.440630006790161133e+01 5.589222960141761697e-05
6.586866211891174316e+01 6.256646827849994433e-05
6.731826996803283691e+01 6.666846447975029503e-05
6.878907108306884766e+01 7.255602795233177533e-05
7.024860501289367676e+01 4.683071145675947645e-05
7.171625995635986328e+01 5.398011557894462348e-05
7.318488502502441406e+01 7.830763369226097204e-05
7.464728498458862305e+01 5.478045265196637264e-05
7.613453006744384766e+01 4.418558845574258048e-05
7.761547398567199707e+01 3.979539607152458446e-05
7.906773114204406738e+01 4.702150807039211629e-05
8.052911806106567383e+01 4.059869790105436393e-05
8.197485613822937012e+01 3.222382031901365102e-05
8.344601893424987793e+01 3.223540017306164476e-05
8.490714097023010254e+01 3.779227066252169895e-05
8.635305500030517578e+01 2.628462405529490849e-05
8.781682109832763672e+01 2.606976230316284461e-05
8.927212095260620117e+01 2.274745239897303059e-05
9.074394893646240234e+01 2.963617445727584739e-05
9.222347998619079590e+01 2.520587178715563868e-05
9.366669392585754395e+01 1.990553907478098927e-05
9.512177610397338867e+01 1.865801632475179198e-05
9.653836202621459961e+01 2.443855416151900943e-05
9.793569111824035645e+01 2.410131613546881806e-05
9.934720897674560547e+01 2.258061330636769790e-05
1.007492671012878418e+02 2.093424268859828233e-05
1.021503901481628418e+02 1.969761235509706078e-05
1.035324470996856689e+02 1.984533418728023238e-05
1.049242460727691650e+02 2.452857635598749555e-05
1.063320720195770264e+02 6.258718989128114133e-05
1.077303030490875244e+02 4.690457207193672086e-05
1.091155459880828857e+02 3.574618543583948742e-05
1.105357770919799805e+02 1.676137615549467248e-05
1.119355380535125732e+02 1.422327891800943575e-05
1.133855969905853271e+02 1.398697836149480175e-05
1.148308219909667969e+02 1.331360682684878110e-05
1.163477990627288818e+02 1.259374549964572731e-05
1.178571450710296631e+02 1.212595372800667663e-05
1.193318669795989990e+02 1.151016232541855535e-05
1.207800891399383545e+02 1.113000084756936322e-05
1.222201089859008789e+02 1.068362733283786394e-05
1.236631560325622559e+02 1.035966315849513530e-05
1.251091940402984619e+02 1.001709126941873727e-05
1.265355799198150635e+02 9.429176994481537860e-06
